## blobtools v1.0
## assembly	: /home/amir/gasp/celera_assemblies/404.mer22.scf.fasta
## coverage	: bam0 - /home/amir/gasp/mapping/404_celera_22.bam
## taxonomy	: tax0 - /home/amir/gasp/blast/404_celera_22.txt
## nodesDB	: /home/amir/gasp/blobtools/data/nodesDB.txt
## taxrule	: bestsum
## min_score	: 0.0
## min_diff	: 0.0
## tax_collision_random	: False
##
# name	length	GC	N	bam0	phylum.t.6	phylum.s.7	phylum.c.8
scf7180000027356	9816	0.3485	80	49.059	Ascomycota	9276.0	0
scf7180000027357	3957	0.3592	20	63.185	Ascomycota	4274.0	0
scf7180000027358	21857	0.3895	120	41.67	Ascomycota	25471.0	0
scf7180000027359	15007	0.3893	20	35.566	Ascomycota	27590.0	0
scf7180000027360	29232	0.3796	120	41.165	Ascomycota	18812.0	0
scf7180000027361	19889	0.381	100	47.035	Ascomycota	18467.0	0
scf7180000027362	8434	0.3761	40	32.481	Ascomycota	7513.0	0
scf7180000027363	16729	0.3627	80	29.672	Ascomycota	20244.0	0
scf7180000027364	13145	0.385	40	33.795	Ascomycota	18942.0	0
scf7180000027365	24543	0.3842	100	33.115	Ascomycota	26061.0	0
scf7180000027366	4605	0.3744	0	51.009	Ascomycota	8504.0	0
scf7180000027367	26915	0.3578	120	33.252	Ascomycota	18790.0	0
scf7180000027368	11489	0.3784	20	37.236	Ascomycota	16502.0	0
scf7180000027369	27327	0.3896	140	36.018	Ascomycota	18962.0	0
scf7180000027370	30481	0.3688	100	40.776	Ascomycota	27748.0	0
scf7180000027371	9539	0.3962	0	34.0	Ascomycota	17616.0	0
scf7180000027372	18110	0.3837	40	35.326	Ascomycota	17717.0	0
scf7180000027373	15782	0.3757	60	35.361	Ascomycota	16752.0	0
scf7180000027374	10076	0.3911	20	45.336	Ascomycota	18412.0	0
scf7180000027375	15311	0.388	60	34.006	Ascomycota	19749.0	0
scf7180000027376	17737	0.4027	60	57.526	Ascomycota	18183.0	0
scf7180000027377	18915	0.3743	80	34.114	Ascomycota	13963.0	0
scf7180000027378	19703	0.3743	80	32.999	Ascomycota	20048.0	0
scf7180000027379	15927	0.3799	40	31.828	Ascomycota	29159.0	0
scf7180000027380	17042	0.3883	80	29.45	Ascomycota	18046.0	0
scf7180000027381	11003	0.4171	60	30.545	Ascomycota	8541.0	0
scf7180000027382	14593	0.3834	40	28.999	Ascomycota	18077.0	0
scf7180000027383	10203	0.3897	60	39.423	Ascomycota	15010.0	0
scf7180000027384	10564	0.3779	40	30.592	Ascomycota	15919.0	0
scf7180000027385	17374	0.3961	100	39.525	Ascomycota	27813.0	0
scf7180000027386	12302	0.4026	40	34.464	Ascomycota	13873.0	0
scf7180000027387	7601	0.3673	0	33.382	Ascomycota	14015.0	0
scf7180000027388	13466	0.3693	20	28.284	Ascomycota	15114.0	0
scf7180000027389	9454	0.402	20	29.13	Ascomycota	15263.0	0
scf7180000027390	34822	0.3964	200	40.497	Ascomycota	22550.0	0
scf7180000027391	25959	0.3863	80	37.928	Ascomycota	29128.0	0
scf7180000027392	15457	0.3745	20	33.257	Ascomycota	20179.0	0
scf7180000027393	11378	0.3796	20	28.443	Ascomycota	15662.0	0
scf7180000027394	16097	0.4105	40	37.504	Ascomycota	29492.0	0
scf7180000027395	8315	0.4115	0	28.424	Ascomycota	15356.0	0
scf7180000027396	15822	0.3836	60	32.276	Ascomycota	25350.0	0
scf7180000027397	31593	0.3823	160	29.579	Ascomycota	20895.0	0
scf7180000027398	14954	0.3761	60	32.206	Ascomycota	13559.0	0
scf7180000027399	11538	0.3672	20	32.697	Ascomycota	12890.0	0
scf7180000027400	11074	0.3755	60	26.709	Ascomycota	10336.0	0
scf7180000027401	8421	0.3607	20	38.912	Ascomycota	15446.0	0
scf7180000027402	8744	0.4012	20	37.268	Ascomycota	16024.0	0
scf7180000027403	6221	0.3633	0	40.895	Ascomycota	11472.0	0
scf7180000027404	13950	0.3764	80	45.879	Ascomycota	25115.0	0
scf7180000027405	14704	0.39	100	36.469	Ascomycota	11260.0	0
scf7180000027406	2669	0.4114	0	37.544	Ascomycota	4828.0	0
scf7180000027407	10198	0.3947	20	41.936	Ascomycota	18702.0	0
scf7180000027408	17838	0.39	80	32.644	Ascomycota	19257.0	0
scf7180000027409	13496	0.3808	60	31.083	Ascomycota	21208.0	0
scf7180000027410	5320	0.3994	0	41.183	Ascomycota	9825.0	0
scf7180000027411	14466	0.3703	20	34.381	Ascomycota	15631.0	0
scf7180000027412	10733	0.3956	20	37.294	Ascomycota	19719.0	0
scf7180000027413	8244	0.3555	20	29.313	Ascomycota	13079.0	0
scf7180000027414	6193	0.4098	0	33.694	Ascomycota	11420.0	0
scf7180000027415	10008	0.3854	20	30.744	Ascomycota	11544.0	0
scf7180000027416	8901	0.3882	40	49.199	Ascomycota	13745.0	0
scf7180000027417	8629	0.3826	40	39.825	Ascomycota	9496.0	0
scf7180000027418	6875	0.3825	20	41.096	Ascomycota	9688.0	0
scf7180000027419	9484	0.3602	20	45.564	Ascomycota	17392.0	0
scf7180000027420	4672	0.3549	0	48.865	Ascomycota	8617.0	0
scf7180000027421	11450	0.3746	20	46.269	Ascomycota	21015.0	0
scf7180000027422	10430	0.3662	80	34.663	Ascomycota	9812.0	0
scf7180000027423	23797	0.3881	100	34.5	Ascomycota	21043.0	0
scf7180000027424	7331	0.3956	40	43.651	Ascomycota	9465.0	0
scf7180000027425	12701	0.4005	60	36.02	Ascomycota	13082.0	0
scf7180000027426	7138	0.3714	0	27.214	Ascomycota	13149.0	0
scf7180000027427	13739	0.375	40	25.082	Ascomycota	12877.0	0
scf7180000027428	4868	0.372	0	43.158	Ascomycota	8990.0	0
scf7180000027429	13528	0.385	80	29.357	Ascomycota	11771.0	0
scf7180000027430	4323	0.3639	0	51.901	Ascomycota	7984.0	0
scf7180000027431	25188	0.3663	100	24.852	Ascomycota	15642.0	0
scf7180000027432	12744	0.3626	40	25.672	Ascomycota	14144.0	0
scf7180000027433	15896	0.4047	120	32.91	Ascomycota	9978.0	0
scf7180000027434	1926	0.3406	0	39.101	Ascomycota	3557.0	0
scf7180000027435	11049	0.3724	40	32.913	Ascomycota	10231.0	0
scf7180000027436	11610	0.385	40	29.164	Ascomycota	13221.0	0
scf7180000027437	12967	0.3861	60	28.872	Ascomycota	11827.0	0
scf7180000027438	17193	0.3853	100	28.296	Ascomycota	11380.0	0
scf7180000027439	5656	0.3874	0	32.443	Ascomycota	10418.0	0
scf7180000027440	5181	0.3885	0	34.907	Ascomycota	9563.0	0
scf7180000027441	27015	0.3882	140	29.142	Ascomycota	16089.0	0
scf7180000027442	1182	0.4188	0	34.247	Ascomycota	2183.0	0
scf7180000027443	6754	0.3821	0	28.784	Ascomycota	12445.0	0
scf7180000027444	6991	0.3671	20	31.379	Ascomycota	10436.0	0
scf7180000027445	14339	0.3922	120	32.492	Ascomycota	15668.0	0
scf7180000027446	17880	0.3869	60	31.429	Ascomycota	18004.0	0
scf7180000027447	2761	0.3477	0	91.871	Ascomycota	5088.0	0
scf7180000027448	6296	0.3966	0	27.898	Ascomycota	11627.0	0
scf7180000027449	11832	0.4084	80	32.61	Ascomycota	9341.0	0
scf7180000027450	6047	0.3684	0	30.16	Ascomycota	11156.0	0
scf7180000027451	5007	0.3793	0	35.482	Ascomycota	9241.0	0
scf7180000027452	16125	0.3821	160	30.994	Ascomycota	8508.0	0
scf7180000027453	6805	0.3761	20	36.706	Ascomycota	8911.0	0
scf7180000027454	8636	0.3845	20	29.131	Ascomycota	15865.0	0
scf7180000027455	20968	0.3909	120	46.026	Ascomycota	11106.0	0
scf7180000027456	4364	0.3936	20	33.603	Ascomycota	5954.0	0
scf7180000027457	7277	0.4421	20	40.724	Ascomycota	7808.0	0
scf7180000027458	6802	0.3829	20	29.275	Ascomycota	10469.0	0
scf7180000027459	7807	0.4078	40	27.944	Ascomycota	11603.0	0
scf7180000027460	5502	0.3635	0	28.406	Ascomycota	10122.0	0
scf7180000027461	11438	0.3835	60	27.198	Ascomycota	10693.0	0
scf7180000027462	10542	0.401	40	34.792	Ascomycota	10370.0	0
scf7180000027463	2158	0.3865	0	76.261	Ascomycota	3982.0	0
scf7180000027464	17488	0.3749	60	30.704	Ascomycota	13718.0	0
scf7180000027465	1013	0.382	0	37.927	Ascomycota	1871.0	0
scf7180000027466	4083	0.3426	40	29.105	Ascomycota	4305.0	0
scf7180000027467	3598	0.3963	0	50.184	Ascomycota	6628.0	0
scf7180000027468	10050	0.3775	20	31.924	Ascomycota	10408.0	0
scf7180000027469	24917	0.376	140	36.852	Ascomycota	15653.0	0
scf7180000027470	25506	0.3766	180	29.591	Ascomycota	12019.0	0
scf7180000027471	1383	0.3717	0	39.423	Ascomycota	2532.0	0
scf7180000027472	7234	0.397	20	49.728	Ascomycota	13215.0	0
scf7180000027473	18747	0.3759	120	32.717	Ascomycota	13841.0	0
scf7180000027474	11328	0.3771	80	43.04	Ascomycota	11998.0	0
scf7180000027475	23563	0.3797	120	33.967	Ascomycota	17586.0	0
scf7180000027476	9995	0.3689	20	33.429	Ascomycota	9190.0	0
scf7180000027477	7011	0.37	20	35.376	Ascomycota	12794.0	0
scf7180000027478	31142	0.3883	180	44.706	Ascomycota	20868.0	0
scf7180000027479	18544	0.3782	120	31.58	Ascomycota	10813.0	0
scf7180000027480	4719	0.3869	0	31.538	Ascomycota	8687.0	0
scf7180000027481	6268	0.3706	40	29.733	Ascomycota	9171.0	0
scf7180000027482	11530	0.3707	60	29.509	Ascomycota	11734.0	0
scf7180000027483	5996	0.38	20	36.021	Ascomycota	10979.0	0
scf7180000027484	4693	0.3737	0	33.577	Ascomycota	8667.0	0
scf7180000027485	9417	0.3762	40	36.386	Ascomycota	8070.0	0
scf7180000027486	10004	0.3931	40	28.533	Ascomycota	9736.0	0
scf7180000027487	5986	0.3565	0	24.119	Ascomycota	11020.0	0
scf7180000027488	7858	0.3915	40	29.018	Ascomycota	10013.0	0
scf7180000027489	32045	0.3841	260	34.382	Ascomycota	17664.0	0
scf7180000027490	5096	0.3797	0	28.057	Ascomycota	9400.0	0
scf7180000027491	4567	0.4068	0	31.806	Ascomycota	8395.0	0
scf7180000027492	7763	0.3843	20	27.601	Ascomycota	9160.0	0
scf7180000027493	7532	0.3745	40	28.966	Ascomycota	9575.0	0
scf7180000027494	6642	0.3562	20	31.268	Ascomycota	9258.0	0
scf7180000027495	9762	0.3991	40	33.531	Ascomycota	9204.0	0
scf7180000027496	14924	0.3676	160	40.905	Ascomycota	13101.0	0
scf7180000027497	6458	0.3959	20	29.184	Ascomycota	9094.0	0
scf7180000027498	6302	0.3814	20	29.085	Ascomycota	9193.0	0
scf7180000027499	5728	0.3973	20	43.851	Ascomycota	6722.0	0
scf7180000027500	9076	0.3731	20	26.488	Ascomycota	9755.0	0
scf7180000027501	4107	0.4142	0	39.026	Ascomycota	7557.0	0
scf7180000027502	7195	0.3688	20	31.031	Ascomycota	9047.0	0
scf7180000027503	9700	0.378	60	28.72	Ascomycota	8556.0	0
scf7180000027504	11864	0.417	100	34.908	Ascomycota	7504.0	0
scf7180000027505	5653	0.3884	20	31.261	Ascomycota	7986.0	0
scf7180000027506	4938	0.3924	20	38.521	Ascomycota	9001.0	0
scf7180000027507	11883	0.4053	40	42.17	Ascomycota	13062.0	0
scf7180000027508	13347	0.4016	80	31.279	Ascomycota	11285.0	0
scf7180000027509	6360	0.3768	20	32.798	Ascomycota	8135.0	0
scf7180000027510	8509	0.3873	20	30.323	Ascomycota	15625.0	0
scf7180000027511	16778	0.3736	80	30.819	Ascomycota	15186.0	0
scf7180000027512	5517	0.3962	20	35.202	Ascomycota	7987.0	0
scf7180000027513	12414	0.3802	80	29.403	Ascomycota	9555.0	0
scf7180000027514	4679	0.3668	20	41.6	Ascomycota	6296.0	0
scf7180000027515	5643	0.3827	20	31.793	Ascomycota	7396.0	0
scf7180000027516	3903	0.35	20	40.038	Ascomycota	6253.0	0
scf7180000027517	19488	0.4098	100	32.872	Ascomycota	12894.0	0
scf7180000027518	7572	0.3729	20	33.483	Ascomycota	13756.0	0
scf7180000027519	10288	0.4019	40	31.03	Ascomycota	10739.0	0
scf7180000027520	6162	0.3724	20	26.999	Ascomycota	8672.0	0
scf7180000027521	14478	0.3738	100	31.333	Ascomycota	8163.0	0
scf7180000027522	3839	0.4157	0	35.128	Ascomycota	7073.0	0
scf7180000027523	4886	0.3606	0	27.512	Ascomycota	9023.0	0
scf7180000027524	10124	0.3856	40	35.236	Ascomycota	13703.0	0
scf7180000027525	4057	0.4003	0	36.317	Ascomycota	7487.0	0
scf7180000027526	4189	0.424	0	35.082	Ascomycota	7720.0	0
scf7180000027527	5879	0.3762	20	29.811	Ascomycota	8817.0	0
scf7180000027528	3902	0.3503	0	30.395	Ascomycota	4983.0	0
scf7180000027529	3982	0.3945	0	36.395	Ascomycota	7354.0	0
scf7180000027530	5702	0.3591	40	40.82	Ascomycota	8359.0	0
scf7180000027531	11846	0.3573	40	28.961	Ascomycota	8239.0	0
scf7180000027532	35474	0.3736	240	29.225	Ascomycota	20402.0	0
scf7180000027533	3931	0.3912	0	34.034	Ascomycota	7260.0	0
scf7180000027534	5575	0.4074	20	27.385	Ascomycota	10176.0	0
scf7180000027535	4730	0.3877	0	25.554	Ascomycota	8730.0	0
scf7180000027536	6717	0.3756	40	41.936	Ascomycota	12133.0	0
scf7180000027537	3051	0.3409	0	42.609	Ascomycota	5635.0	0
scf7180000027538	6770	0.3884	20	28.299	Ascomycota	12419.0	0
scf7180000027539	17047	0.383	80	32.238	Ascomycota	14663.0	0
scf7180000027540	7380	0.3846	20	32.588	Ascomycota	13514.0	0
scf7180000027541	6090	0.4524	20	34.857	Ascomycota	11140.0	0
scf7180000027542	8788	0.3859	40	34.858	Ascomycota	6754.0	0
scf7180000027543	15850	0.3599	100	35.446	Ascomycota	10220.0	0
scf7180000027544	8277	0.3804	40	33.056	Ascomycota	7598.0	0
scf7180000027545	6803	0.3658	20	34.719	Ascomycota	7239.0	0
scf7180000027546	10092	0.3906	40	37.438	Ascomycota	8866.0	0
scf7180000027547	12288	0.3905	60	42.68	Ascomycota	12456.0	0
scf7180000027548	5880	0.3534	20	24.652	Ascomycota	8549.0	0
scf7180000027549	5833	0.3893	20	33.905	Ascomycota	7289.0	0
scf7180000027550	22497	0.374	200	36.32	Ascomycota	12244.0	0
scf7180000027551	4466	0.4037	0	28.48	Ascomycota	8226.0	0
scf7180000027552	1152	0.3359	0	61.499	Ascomycota	2128.0	0
scf7180000027553	5806	0.3681	20	35.324	Ascomycota	6645.0	0
scf7180000027554	3988	0.3852	0	32.704	Ascomycota	7365.0	0
scf7180000027555	10812	0.3846	80	27.58	Ascomycota	8259.0	0
scf7180000027556	5439	0.3753	20	27.311	Ascomycota	9943.0	0
scf7180000027557	4447	0.3778	0	28.275	Ascomycota	8207.0	0
scf7180000027558	7528	0.4014	60	27.901	Ascomycota	8011.0	0
scf7180000027559	14855	0.384	80	32.902	Ascomycota	13188.0	0
scf7180000027560	9008	0.3904	60	31.325	Ascomycota	8746.0	0
scf7180000027561	4070	0.3803	0	30.207	Ascomycota	7483.0	0
scf7180000027562	19590	0.3741	100	31.189	Ascomycota	22532.0	0
scf7180000027563	4401	0.3642	0	26.278	Ascomycota	8122.0	0
scf7180000027564	5011	0.3641	20	44.402	Ascomycota	9118.0	0
scf7180000027565	2624	0.3861	0	72.391	Ascomycota	4841.0	0
scf7180000027566	19639	0.3893	140	28.091	Ascomycota	10399.0	0
scf7180000027567	10154	0.4118	40	28.098	Ascomycota	16220.0	0
scf7180000027568	4334	0.3902	0	27.907	Ascomycota	7998.0	0
scf7180000027569	23290	0.3834	1441	29.088	Ascomycota	16175.0	0
scf7180000027570	4102	0.3652	0	31.218	Ascomycota	7576.0	0
scf7180000027571	3191	0.4193	0	41.734	Ascomycota	5893.0	0
scf7180000027572	7616	0.4198	20	32.259	Ascomycota	7324.0	0
scf7180000027573	6030	0.3882	20	32.637	Ascomycota	10964.0	0
scf7180000027574	3954	0.3713	0	29.559	Ascomycota	7302.0	0
scf7180000027575	4093	0.3975	0	30.013	Ascomycota	7553.0	0
scf7180000027576	5111	0.3627	0	23.442	Ascomycota	9422.0	0
scf7180000027577	3468	0.408	0	36.575	Ascomycota	6383.0	0
scf7180000027578	7485	0.3799	60	35.74	Ascomycota	6023.0	0
scf7180000027579	3076	0.3862	0	46.945	Ascomycota	5670.0	0
scf7180000027580	6185	0.3751	40	35.07	Ascomycota	6623.0	0
scf7180000027581	3780	0.3868	0	30.941	Ascomycota	6981.0	0
scf7180000027582	13008	0.4001	60	29.295	Ascomycota	23693.0	0
scf7180000027583	9548	0.3791	80	33.607	Ascomycota	8070.0	0
scf7180000027584	5425	0.3662	40	28.976	Ascomycota	7409.0	0
scf7180000027585	19789	0.3822	80	38.434	Ascomycota	19647.0	0
scf7180000027586	8059	0.3769	20	37.067	Ascomycota	8104.0	0
scf7180000027587	5413	0.3751	20	34.115	Ascomycota	6689.0	0
scf7180000027588	10634	0.3925	60	27.724	Ascomycota	8117.0	0
scf7180000027589	3451	0.3816	0	33.514	Ascomycota	6373.0	0
scf7180000027590	3104	0.3785	0	43.67	Ascomycota	5733.0	0
scf7180000027591	22550	0.3906	120	31.92	Ascomycota	11767.0	0
scf7180000027592	7467	0.384	40	29.605	Ascomycota	7184.0	0
scf7180000027593	13245	0.3882	120	28.278	Ascomycota	13441.0	0
scf7180000027594	2998	0.3963	0	45.622	Ascomycota	5537.0	0
scf7180000027595	6938	0.3917	20	32.819	Ascomycota	12632.0	0
scf7180000027596	11090	0.3816	80	27.949	Ascomycota	8107.0	0
scf7180000027597	8696	0.3837	40	31.612	Ascomycota	8106.0	0
scf7180000027598	15635	0.3638	80	39.587	Ascomycota	17093.0	0
scf7180000027599	5301	0.3721	20	28.679	Ascomycota	7546.0	0
scf7180000027600	3699	0.3771	0	29.247	Ascomycota	6815.0	0
scf7180000027601	13792	0.3674	40	27.919	Ascomycota	9540.0	0
scf7180000027602	4856	0.3587	0	21.343	Ascomycota	8957.0	0
scf7180000027603	18306	0.3772	180	27.831	Ascomycota	18353.0	0
scf7180000027604	9235	0.3612	40	27.557	Ascomycota	16879.0	0
scf7180000027605	5924	0.3659	20	26.809	Ascomycota	7974.0	0
scf7180000027606	8451	0.3602	40	79.227	Ascomycota	8737.0	0
scf7180000027607	4655	0.383	20	33.031	Ascomycota	6665.0	0
scf7180000027608	24308	0.3815	100	30.506	Ascomycota	12966.0	0
scf7180000027609	39359	0.3822	260	29.054	Ascomycota	16037.0	0
scf7180000027610	3290	0.4128	0	34.188	Ascomycota	6013.0	0
scf7180000027611	32943	0.3783	240	28.931	Ascomycota	8656.0	0
scf7180000027612	12908	0.3623	80	25.975	Ascomycota	8767.0	0
scf7180000027613	12791	0.416	40	33.293	Ascomycota	9467.0	0
scf7180000027614	3123	0.3778	0	37.927	Ascomycota	5768.0	0
scf7180000027615	12116	0.3894	60	23.487	Ascomycota	8776.0	0
scf7180000027616	5451	0.3865	20	30.164	Ascomycota	9989.0	0
scf7180000027617	20236	0.3744	160	30.532	Ascomycota	14536.0	0
scf7180000027618	9842	0.3952	60	41.204	Ascomycota	12955.0	0
scf7180000027619	3595	0.3925	0	28.053	Ascomycota	6634.0	0
scf7180000027620	4923	0.4026	20	35.218	Ascomycota	5880.0	0
scf7180000027621	18674	0.3705	180	32.773	Ascomycota	13383.0	0
scf7180000027622	3507	0.3858	0	31.337	Ascomycota	6471.0	0
scf7180000027623	3575	0.3745	0	30.881	Ascomycota	6586.0	0
scf7180000027624	10030	0.3967	20	36.251	Ascomycota	13073.0	0
scf7180000027625	3286	0.3688	0	34.404	Ascomycota	6063.0	0
scf7180000027626	8979	0.3914	60	32.215	Ascomycota	6564.0	0
scf7180000027627	8035	0.3732	60	29.438	Ascomycota	6861.0	0
scf7180000027628	4572	0.3629	0	25.096	Ascomycota	8438.0	0
scf7180000027629	7647	0.3597	40	33.02	Ascomycota	6447.0	0
scf7180000027630	4953	0.3908	20	42.522	Ascomycota	9009.0	0
scf7180000027631	28861	0.374	160	32.222	Ascomycota	17629.0	0
scf7180000027632	2729	0.3833	0	43.752	Ascomycota	5040.0	0
scf7180000027633	8779	0.3713	40	27.216	Ascomycota	9539.0	0
scf7180000027634	5957	0.3781	40	24.139	Ascomycota	7934.0	0
scf7180000027635	9269	0.3793	40	43.286	Ascomycota	11841.0	0
scf7180000027636	9808	0.3549	80	35.772	Ascomycota	6879.0	0
scf7180000027637	3078	0.3947	0	41.821	Ascomycota	5685.0	0
scf7180000027638	7006	0.3728	40	23.344	Ascomycota	7659.0	0
scf7180000027639	20234	0.3815	160	29.254	Ascomycota	6748.0	0
scf7180000027640	6146	0.3689	80	42.805	Ascomycota	6172.0	0
scf7180000027641	6316	0.3807	20	32.156	Ascomycota	6357.0	0
scf7180000027642	20039	0.3855	140	28.11	Ascomycota	10041.0	0
scf7180000027643	12139	0.3733	80	37.976	Ascomycota	14419.0	0
scf7180000027644	4104	0.3668	20	78.405	Ascomycota	5644.0	0
scf7180000027645	10663	0.3646	60	22.183	Ascomycota	8274.0	0
scf7180000027646	1800	0.4072	0	24.281	Ascomycota	3238.0	0
scf7180000027647	17251	0.3935	180	31.91	Ascomycota	7280.0	0
scf7180000027648	3154	0.3928	0	35.717	Ascomycota	5814.0	0
scf7180000027649	3648	0.3975	0	28.154	Ascomycota	6737.0	0
scf7180000027650	4767	0.379	20	29.304	Ascomycota	6499.0	0
scf7180000027651	3046	0.3733	0	32.611	Ascomycota	5626.0	0
scf7180000027652	3198	0.3899	0	33.647	Ascomycota	5906.0	0
scf7180000027653	3624	0.3518	0	27.87	Ascomycota	6687.0	0
scf7180000027654	5226	0.3988	20	26.273	Ascomycota	7060.0	0
scf7180000027655	3016	0.4065	0	40.246	Ascomycota	5565.0	0
scf7180000027656	3987	0.3622	0	26.429	Ascomycota	7358.0	0
scf7180000027657	3721	0.4063	0	27.42	Ascomycota	6722.0	0
scf7180000027658	41037	0.3836	220	33.759	Ascomycota	29689.0	0
scf7180000027659	19915	0.3807	60	38.817	Ascomycota	22144.0	0
scf7180000027660	3801	0.4304	0	24.991	Ascomycota	7009.0	0
scf7180000027661	11252	0.3527	60	25.304	Ascomycota	12558.0	0
scf7180000027662	7831	0.3514	80	24.813	Ascomycota	7522.0	0
scf7180000027663	10422	0.4038	40	33.514	Ascomycota	12955.0	0
scf7180000027664	5143	0.379	40	32.702	Ascomycota	5461.0	0
scf7180000027665	10753	0.362	80	25.582	Ascomycota	7186.0	0
scf7180000027666	9677	0.3866	60	36.517	Ascomycota	9821.0	0
scf7180000027667	2962	0.3852	0	34.099	Ascomycota	5465.0	0
scf7180000027668	3330	0.4273	0	37.185	Ascomycota	6144.0	0
scf7180000027669	6396	0.3783	60	30.771	Ascomycota	6427.0	0
scf7180000027670	2576	0.3738	0	38.462	Ascomycota	4758.0	0
scf7180000027671	5483	0.4316	20	31.781	Ascomycota	10024.0	0
scf7180000027672	5904	0.3943	40	32.879	Ascomycota	8623.0	0
scf7180000027673	3332	0.3794	0	28.95	Ascomycota	6154.0	0
scf7180000027674	3599	0.3873	0	27.935	Ascomycota	6636.0	0
scf7180000027675	2973	0.3885	0	35.253	Ascomycota	5480.0	0
scf7180000027676	15489	0.3562	120	30.584	Ascomycota	13180.0	0
scf7180000027677	3163	0.4126	0	29.615	Ascomycota	5842.0	0
scf7180000027678	7417	0.3749	60	26.565	Ascomycota	10885.0	0
scf7180000027679	20994	0.3854	120	36.357	Ascomycota	27366.0	0
scf7180000027680	11953	0.3745	40	29.816	Ascomycota	8674.0	0
scf7180000027681	5537	0.4049	20	30.752	Ascomycota	10141.0	0
scf7180000027682	8384	0.4399	60	37.772	Ascomycota	11550.0	0
scf7180000027683	2282	0.3843	0	46.373	Ascomycota	4209.0	0
scf7180000027684	14063	0.3848	80	29.468	Ascomycota	15106.0	0
scf7180000027685	2544	0.3809	0	45.501	Ascomycota	4698.0	0
scf7180000027686	5909	0.3713	40	26.982	Ascomycota	6237.0	0
scf7180000027687	3348	0.3823	0	30.122	Ascomycota	6178.0	0
scf7180000027688	16505	0.3885	120	30.46	Ascomycota	16565.0	0
scf7180000027689	17860	0.3718	160	29.176	Ascomycota	8674.0	0
scf7180000027690	31815	0.3702	180	34.188	Ascomycota	20759.0	0
scf7180000027691	5022	0.4236	20	39.99	Ascomycota	4868.0	0
scf7180000027692	6809	0.3956	40	31.195	Ascomycota	5132.0	0
scf7180000027693	4275	0.3638	20	27.297	Ascomycota	7762.0	0
scf7180000027694	8917	0.3564	60	36.388	Ascomycota	5518.0	0
scf7180000027695	7309	0.4001	40	29.121	Ascomycota	6364.0	0
scf7180000027696	2706	0.4065	0	37.438	Ascomycota	4998.0	0
scf7180000027697	1527	0.3916	0	42.773	Ascomycota	2549.0	0
scf7180000027698	3228	0.3891	0	27.542	Ascomycota	5962.0	0
scf7180000027699	3766	0.3964	0	25.792	Ascomycota	6922.0	0
scf7180000027700	13677	0.3677	100	37.513	Ascomycota	7657.0	0
scf7180000027701	2760	0.408	0	40.363	Ascomycota	5092.0	0
scf7180000027702	3312	0.4179	0	28.896	Ascomycota	6117.0	0
scf7180000027703	6403	0.3879	40	29.806	Ascomycota	5873.0	0
scf7180000027704	14101	0.3883	80	31.081	Ascomycota	7310.0	0
scf7180000027705	3082	0.3994	0	29.762	Ascomycota	5686.0	0
scf7180000027706	4538	0.3628	20	28.493	Ascomycota	5626.0	0
scf7180000027707	10516	0.3804	60	27.956	Ascomycota	7297.0	0
scf7180000027708	10519	0.3689	20	27.352	Ascomycota	13319.0	0
scf7180000027709	2945	0.4024	0	33.935	Ascomycota	5428.0	0
scf7180000027710	10631	0.4198	120	33.819	Ascomycota	9435.0	0
scf7180000027711	2797	0.3783	0	34.836	Ascomycota	5166.0	0
scf7180000027712	10382	0.3768	80	32.013	Ascomycota	11031.0	0
scf7180000027713	3294	0.3673	0	26.448	Ascomycota	6083.0	0
scf7180000027714	22675	0.4122	180	37.806	Ascomycota	11441.0	0
scf7180000027715	7375	0.3427	40	26.706	Ascomycota	6002.0	0
scf7180000027716	2861	0.4072	0	33.163	Ascomycota	5284.0	0
scf7180000027717	4565	0.3652	20	28.675	Ascomycota	6048.0	0
scf7180000027718	11856	0.383	40	31.686	Ascomycota	13108.0	0
scf7180000027719	3025	0.3821	0	30.072	Ascomycota	5587.0	0
scf7180000027720	10529	0.3762	60	29.186	Ascomycota	13974.0	0
scf7180000027721	11720	0.3707	80	30.985	Ascomycota	12999.0	0
scf7180000027722	8237	0.3732	40	31.682	Ascomycota	9419.0	0
scf7180000027723	2637	0.394	0	34.801	Ascomycota	4859.0	0
scf7180000027724	17011	0.3752	140	28.547	Ascomycota	24489.0	0
scf7180000027725	21749	0.3826	140	34.364	Ascomycota	15511.0	0
scf7180000027726	8052	0.3745	100	33.984	Ascomycota	4650.0	0
scf7180000027727	3728	0.3691	0	24.602	Ascomycota	6879.0	0
scf7180000027728	24348	0.3744	160	26.975	Ascomycota	12953.0	0
scf7180000027729	22460	0.3913	180	37.825	Ascomycota	20199.0	0
scf7180000027730	2739	0.3899	0	34.13	Ascomycota	5059.0	0
scf7180000027731	6658	0.3989	20	27.958	Ascomycota	12196.0	0
scf7180000027732	7855	0.3879	60	34.714	Ascomycota	7843.0	0
scf7180000027733	3074	0.3855	0	28.466	Ascomycota	5642.0	0
scf7180000027734	6796	0.3817	40	31.597	Ascomycota	8949.0	0
scf7180000027735	6950	0.3737	20	27.756	Ascomycota	6287.0	0
scf7180000027736	12255	0.3795	80	42.864	Ascomycota	22231.0	0
scf7180000027737	6275	0.3572	20	28.688	Ascomycota	11428.0	0
scf7180000027738	3410	0.4012	0	28.437	Ascomycota	6292.0	0
scf7180000027739	8187	0.3973	60	39.74	Ascomycota	12604.0	0
scf7180000027740	2978	0.3818	0	31.772	Ascomycota	5500.0	0
scf7180000027741	3137	0.3647	0	34.088	Ascomycota	5703.0	0
scf7180000027742	3137	0.3822	0	27.369	Ascomycota	5788.0	0
scf7180000027743	4170	0.4282	20	31.652	Ascomycota	7613.0	0
scf7180000027744	44020	0.379	260	40.888	Ascomycota	18227.0	0
scf7180000027745	2909	0.3792	0	28.329	Ascomycota	5373.0	0
scf7180000027746	3353	0.3987	0	26.887	Ascomycota	6192.0	0
scf7180000027747	2947	0.3804	0	29.736	Ascomycota	5443.0	0
scf7180000027748	18758	0.3936	100	29.76	Ascomycota	21455.0	0
scf7180000027749	4412	0.3827	20	32.534	Ascomycota	5291.0	0
scf7180000027750	6010	0.3881	20	24.954	Ascomycota	6239.0	0
scf7180000027751	5900	0.3838	20	29.474	Ascomycota	5744.0	0
scf7180000027752	2967	0.3846	0	31.903	Ascomycota	5469.0	0
scf7180000027753	3795	0.4045	20	37.959	Ascomycota	6935.0	0
scf7180000027754	3871	0.3698	20	33.801	Ascomycota	4972.0	0
scf7180000027755	2371	0.461	0	37.45	Ascomycota	4379.0	0
scf7180000027756	6160	0.3779	20	28.874	Ascomycota	11213.0	0
scf7180000027757	6191	0.3725	60	29.165	Ascomycota	4671.0	0
scf7180000027758	3662	0.4281	20	41.222	Ascomycota	4505.0	0
scf7180000027759	2276	0.4244	0	39.211	Ascomycota	4193.0	0
scf7180000027760	14108	0.3904	100	28.575	Ascomycota	20748.0	0
scf7180000027761	2399	0.4318	0	37.799	Ascomycota	4425.0	0
scf7180000027762	2919	0.3772	0	29.414	Ascomycota	5385.0	0
scf7180000027763	3661	0.3669	20	32.175	Ascomycota	4737.0	0
scf7180000027764	5120	0.4144	40	28.09	Ascomycota	5637.0	0
scf7180000027765	9163	0.3966	80	38.741	Ascomycota	11725.0	0
scf7180000027766	2918	0.367	0	29.127	Ascomycota	5384.0	0
scf7180000027767	2885	0.3598	0	29.794	Ascomycota	5284.0	0
scf7180000027768	33000	0.385	300	29.431	Ascomycota	14120.0	0
scf7180000027769	2820	0.3897	0	34.274	Ascomycota	5197.0	0
scf7180000027770	18503	0.3843	100	37.412	Ascomycota	18631.0	0
scf7180000027771	4761	0.3835	20	33.798	Ascomycota	4926.0	0
scf7180000027772	14916	0.3786	160	27.684	Ascomycota	8540.0	0
scf7180000027773	2154	0.4573	0	45.116	Ascomycota	3973.0	0
scf7180000027774	12021	0.3817	80	33.897	Ascomycota	12615.0	0
scf7180000027775	15286	0.384	120	28.162	Ascomycota	11415.0	0
scf7180000027776	7735	0.3943	20	25.616	Ascomycota	14139.0	0
scf7180000027777	33306	0.3798	200	30.576	Ascomycota	18391.0	0
scf7180000027778	10614	0.3894	60	36.684	Ascomycota	6848.0	0
scf7180000027779	3001	0.3552	0	26.826	Ascomycota	5542.0	0
scf7180000027780	11656	0.3995	60	37.268	Ascomycota	11557.0	0
scf7180000027781	14963	0.3896	100	29.223	Ascomycota	10205.0	0
scf7180000027782	8087	0.4029	80	41.678	Ascomycota	10222.0	0
scf7180000027783	2640	0.4428	0	31.803	Ascomycota	4870.0	0
scf7180000027784	11066	0.3868	60	35.734	Ascomycota	11956.0	0
scf7180000027785	20542	0.3667	140	33.874	Ascomycota	8104.0	0
scf7180000027786	1915	0.4031	0	48.908	Ascomycota	3537.0	0
scf7180000027787	6275	0.3878	20	20.962	Ascomycota	6346.0	0
scf7180000027788	4344	0.4215	40	28.665	Ascomycota	4939.0	0
scf7180000027789	6366	0.3479	20	32.044	Ascomycota	6913.0	0
scf7180000027790	37529	0.3725	240	33.791	Ascomycota	19686.0	0
scf7180000027791	4336	0.434	20	30.541	Ascomycota	5145.0	0
scf7180000027792	6875	0.3865	60	29.393	Ascomycota	8414.0	0
scf7180000027793	2463	0.3821	0	32.251	Ascomycota	4543.0	0
scf7180000027794	4696	0.3872	40	29.197	Ascomycota	8468.0	0
scf7180000027795	12256	0.3799	80	32.051	Ascomycota	7348.0	0
scf7180000027796	13545	0.3817	40	31.12	Ascomycota	22653.0	0
scf7180000027797	3143	0.3888	0	24.498	Ascomycota	5794.0	0
scf7180000027798	8699	0.3805	40	32.226	Ascomycota	6601.0	0
scf7180000027799	2702	0.4075	0	32.957	Ascomycota	2767.0	0
scf7180000027800	4876	0.3784	40	31.406	Ascomycota	4813.0	0
scf7180000027801	9231	0.373	20	26.191	Ascomycota	12139.0	0
scf7180000027802	2237	0.3911	0	38.944	Ascomycota	4132.0	0
scf7180000027803	2792	0.3716	20	27.049	Ascomycota	2909.0	0
scf7180000027804	25193	0.3877	140	40.167	Ascomycota	29396.0	0
scf7180000027805	2625	0.3962	0	29.474	Ascomycota	4848.0	0
scf7180000027806	5476	0.3843	40	41.333	Ascomycota	4418.0	0
scf7180000027807	3218	0.3853	0	24.612	Ascomycota	5936.0	0
scf7180000027808	4322	0.401	20	34.842	Ascomycota	4041.0	0
scf7180000027809	2215	0.3932	0	33.716	Ascomycota	4091.0	0
scf7180000027810	4374	0.3771	20	28.736	Ascomycota	4879.0	0
scf7180000027811	3118	0.4112	0	27.496	Ascomycota	5747.0	0
scf7180000027812	3702	0.4055	20	35.919	Ascomycota	6726.0	0
scf7180000027813	3238	0.3907	0	23.271	Ascomycota	5936.0	0
scf7180000027814	7007	0.3649	40	26.902	Ascomycota	5539.0	0
scf7180000027815	5399	0.3708	40	29.968	Ascomycota	5393.0	0
scf7180000027816	11754	0.3633	40	43.287	Ascomycota	14094.0	0
scf7180000027817	13924	0.3634	140	33.693	Ascomycota	8639.0	0
scf7180000027818	3383	0.4059	20	39.899	Ascomycota	6148.0	0
scf7180000027819	9744	0.37	40	29.503	Ascomycota	17806.0	0
scf7180000027820	2359	0.3858	0	34.401	Ascomycota	4346.0	0
scf7180000027821	3579	0.4726	20	32.554	Ascomycota	6493.0	0
scf7180000027822	4099	0.3744	20	27.997	Ascomycota	7474.0	0
scf7180000027823	4496	0.3648	20	28.897	Ascomycota	5036.0	0
scf7180000027824	3186	0.3917	0	25.242	Ascomycota	5867.0	0
scf7180000027825	7934	0.3783	20	24.761	Ascomycota	14478.0	0
scf7180000027826	5222	0.3916	20	30.588	Ascomycota	5334.0	0
scf7180000027827	2620	0.3824	0	30.193	Ascomycota	4839.0	0
scf7180000027828	2805	0.3697	0	28.126	Ascomycota	5180.0	0
scf7180000027829	2787	0.3703	0	27.26	Ascomycota	5147.0	0
scf7180000027830	8041	0.4159	60	25.713	Ascomycota	5001.0	0
scf7180000027831	9920	0.3964	80	33.327	Ascomycota	7426.0	0
scf7180000027832	2024	0.4555	0	41.692	Ascomycota	3733.0	0
scf7180000027833	6554	0.3903	20	29.57	Ascomycota	6806.0	0
scf7180000027834	24368	0.367	140	26.662	Ascomycota	13610.0	0
scf7180000027835	4546	0.3511	20	34.611	Ascomycota	8080.0	0
scf7180000027836	9218	0.3782	40	26.952	Ascomycota	8985.0	0
scf7180000027837	9919	0.3741	40	39.168	Ascomycota	11374.0	0
scf7180000027838	2873	0.3686	0	27.036	Ascomycota	5295.0	0
scf7180000027839	2357	0.4374	0	34.888	Ascomycota	4353.0	0
scf7180000027840	2481	0.3603	0	31.123	Ascomycota	4577.0	0
scf7180000027841	19605	0.3785	120	33.643	Ascomycota	14469.0	0
scf7180000027842	17172	0.3973	120	29.904	Ascomycota	8604.0	0
scf7180000027843	5337	0.3647	20	23.953	Ascomycota	5472.0	0
scf7180000027844	15277	0.3888	60	30.575	Ascomycota	20149.0	0
scf7180000027845	15968	0.3764	140	29.937	Ascomycota	16111.0	0
scf7180000027846	20447	0.3854	80	29.961	Ascomycota	18801.0	0
scf7180000027847	10976	0.4213	80	30.274	Ascomycota	6940.0	0
scf7180000027848	10181	0.3842	60	33.098	Ascomycota	7321.0	0
scf7180000027849	14888	0.3662	60	31.116	Ascomycota	15690.0	0
scf7180000027850	2641	0.3802	0	30.038	Ascomycota	4878.0	0
scf7180000027851	13690	0.3935	80	34.05	Ascomycota	14493.0	0
scf7180000027852	1901	0.4019	0	56.313	Ascomycota	3511.0	0
scf7180000027853	9259	0.4019	120	38.49	Ascomycota	3818.0	0
scf7180000027854	2767	0.3404	0	25.324	Ascomycota	5086.0	0
scf7180000027855	5991	0.3929	60	36.048	Ascomycota	10770.0	0
scf7180000027856	11252	0.3897	100	27.034	Ascomycota	12052.0	0
scf7180000027857	2243	0.391	0	33.254	Ascomycota	4143.0	0
scf7180000027858	6055	0.3574	40	29.047	Ascomycota	10968.0	0
scf7180000027859	4692	0.3448	20	27.736	Ascomycota	8514.0	0
scf7180000027860	4352	0.4003	20	28.391	Ascomycota	4481.0	0
scf7180000027861	2758	0.3666	0	36.93	Ascomycota	5077.0	0
scf7180000027862	4310	0.3599	20	28.827	Ascomycota	4457.0	0
scf7180000027863	14062	0.3709	100	34.925	Ascomycota	11688.0	0
scf7180000027864	2197	0.4215	0	34.966	Ascomycota	4058.0	0
scf7180000027865	2152	0.3713	0	34.309	Ascomycota	3949.0	0
scf7180000027866	2706	0.3943	0	25.979	Ascomycota	4998.0	0
scf7180000027867	8731	0.3661	20	29.714	Ascomycota	15994.0	0
scf7180000027868	2314	0.3686	0	31.982	Ascomycota	4268.0	0
scf7180000027869	7331	0.3485	60	28.185	Ascomycota	5354.0	0
scf7180000027870	7575	0.3809	80	30.918	Ascomycota	6187.0	0
scf7180000027871	2235	0.3477	0	34.247	Ascomycota	4111.0	0
scf7180000027872	2463	0.4206	0	29.504	Ascomycota	4549.0	0
scf7180000027873	7977	0.3719	20	29.52	Ascomycota	9579.0	0
scf7180000027874	2886	0.368	0	25.82	Ascomycota	5323.0	0
scf7180000027875	3901	0.3968	20	29.712	Ascomycota	4263.0	0
scf7180000027876	2636	0.4294	0	27.976	Ascomycota	4846.0	0
scf7180000027877	2689	0.3987	0	27.434	Ascomycota	4961.0	0
scf7180000027878	2717	0.3592	0	26.572	Ascomycota	5012.0	0
scf7180000027879	9410	0.3937	40	40.204	Ascomycota	12035.0	0
scf7180000027880	9149	0.3785	80	30.21	Ascomycota	6026.0	0
scf7180000027881	36826	0.378	220	39.574	Ascomycota	25314.0	0
scf7180000027882	4705	0.3663	40	25.797	Ascomycota	4626.0	0
scf7180000027883	2857	0.4008	0	26.044	Ascomycota	5238.0	0
scf7180000027884	2437	0.4489	0	28.709	Ascomycota	4490.0	0
scf7180000027885	2300	0.3578	0	30.27	Ascomycota	4220.0	0
scf7180000027886	22914	0.3837	220	32.909	Ascomycota	10207.0	0
scf7180000027887	19296	0.391	200	28.582	Ascomycota	5758.0	0
scf7180000027888	7069	0.3871	60	29.502	Ascomycota	5718.0	0
scf7180000027889	2670	0.3491	0	25.18	Ascomycota	4926.0	0
scf7180000027890	5181	0.3738	20	21.346	Ascomycota	5446.0	0
scf7180000027891	8185	0.3715	40	40.173	Ascomycota	11132.0	0
scf7180000027892	4189	0.3874	20	22.294	Ascomycota	5441.0	0
scf7180000027893	3585	0.4199	53	27.046	Ascomycota	4508.0	0
scf7180000027894	3841	0.3562	20	33.426	Ascomycota	4329.0	0
scf7180000027895	2672	0.3802	0	26.956	Ascomycota	4935.0	0
scf7180000027896	2826	0.4045	0	26.964	Ascomycota	5195.0	0
scf7180000027897	4427	0.4121	20	37.709	Ascomycota	5151.0	0
scf7180000027898	2704	0.399	0	26.088	Ascomycota	4988.0	0
scf7180000027899	1971	0.4089	0	37.859	Ascomycota	3640.0	0
scf7180000027900	4546	0.3707	20	28.211	Ascomycota	4322.0	0
scf7180000027901	2696	0.3761	0	28.092	Ascomycota	4963.0	0
scf7180000027902	20311	0.3845	100	33.747	Ascomycota	20124.0	0
scf7180000027903	2309	0.3712	0	28.058	Ascomycota	4265.0	0
scf7180000027904	4871	0.3966	20	32.965	Ascomycota	5334.0	0
scf7180000027905	1054	0.4203	0	74.815	Ascomycota	1941.0	0
scf7180000027906	5897	0.411	60	35.501	Ascomycota	5915.0	0
scf7180000027907	1878	0.4089	0	41.95	Ascomycota	3469.0	0
scf7180000027908	2440	0.393	0	28.909	Ascomycota	4506.0	0
scf7180000027909	7114	0.3726	20	24.527	Ascomycota	13044.0	0
scf7180000027910	1894	0.3754	0	33.892	Ascomycota	3498.0	0
scf7180000027911	3584	0.3563	20	26.058	Ascomycota	3615.0	0
scf7180000027912	22006	0.3782	120	29.589	Ascomycota	19387.0	0
scf7180000027913	7142	0.3859	60	35.501	Ascomycota	5491.0	0
scf7180000027914	26835	0.3812	100	27.602	Ascomycota	17198.0	0
scf7180000027915	1767	0.412	0	46.416	Ascomycota	3264.0	0
scf7180000027916	2332	0.3714	0	29.704	Ascomycota	4301.0	0
scf7180000027917	9180	0.3817	40	30.252	Ascomycota	14046.0	0
scf7180000027918	4900	0.3941	20	27.006	Ascomycota	4708.0	0
scf7180000027919	2313	0.393	0	31.16	Ascomycota	4272.0	0
scf7180000027920	9395	0.3728	80	28.714	Ascomycota	7989.0	0
scf7180000027921	18037	0.3856	100	31.271	Ascomycota	9444.0	0
scf7180000027922	4307	0.3923	40	31.059	Ascomycota	3980.0	0
scf7180000027923	2776	0.33	0	25.486	Ascomycota	5127.0	0
scf7180000027924	14147	0.3864	140	28.226	Ascomycota	5770.0	0
scf7180000027925	2248	0.3501	0	30.291	Ascomycota	4152.0	0
scf7180000027926	8595	0.4018	60	30.585	Ascomycota	5236.0	0
scf7180000027927	2346	0.4079	0	30.801	Ascomycota	4300.0	0
scf7180000027928	2301	0.3585	0	30.571	Ascomycota	4250.0	0
scf7180000027929	11292	0.3709	40	27.182	Ascomycota	20618.0	0
scf7180000027930	13354	0.3929	40	28.47	Ascomycota	20207.0	0
scf7180000027931	2356	0.3867	0	30.182	Ascomycota	4340.0	0
scf7180000027932	2137	0.3889	0	29.835	Ascomycota	3930.0	0
scf7180000027933	12116	0.3687	40	32.842	Ascomycota	22190.0	0
scf7180000027934	8384	0.404	60	30.851	Ascomycota	4704.0	0
scf7180000027935	2181	0.3984	0	30.809	Ascomycota	4017.0	0
scf7180000027936	17300	0.384	160	27.2	Ascomycota	11675.0	0
scf7180000027937	12125	0.3907	160	25.869	Ascomycota	7559.0	0
scf7180000027938	6357	0.3603	40	30.544	Ascomycota	6859.0	0
scf7180000027939	2375	0.4008	0	27.939	Ascomycota	4386.0	0
scf7180000027940	7528	0.416	80	29.256	Ascomycota	4806.0	0
scf7180000027941	2500	0.3668	0	27.603	Ascomycota	4601.0	0
scf7180000027942	26770	0.3781	140	39.016	Ascomycota	27082.0	0
scf7180000027943	1973	0.3867	0	33.08	Ascomycota	3627.0	0
scf7180000027944	11372	0.3777	60	26.648	Ascomycota	11066.0	0
scf7180000027945	2573	0.3719	0	26.81	Ascomycota	4752.0	0
scf7180000027946	2435	0.3639	0	25.713	Ascomycota	4486.0	0
scf7180000027947	15975	0.3725	100	33.714	Ascomycota	12504.0	0
scf7180000027948	9013	0.3786	60	26.397	Ascomycota	11817.0	0
scf7180000027949	35498	0.3858	240	34.892	Ascomycota	20192.0	0
scf7180000027950	2293	0.3995	0	28.22	Ascomycota	4224.0	0
scf7180000027951	19570	0.402	160	31.571	Ascomycota	7781.0	0
scf7180000027952	8179	0.3656	60	24.615	Ascomycota	4433.0	0
scf7180000027953	3918	0.3612	20	28.988	Ascomycota	4495.0	0
scf7180000027954	3285	0.4181	20	28.542	Ascomycota	5960.0	0
scf7180000027955	14196	0.3877	80	31.829	Ascomycota	19673.0	0
scf7180000027956	25697	0.3886	240	38.368	Ascomycota	25556.0	0
scf7180000027957	2664	0.345	0	23.422	Ascomycota	4920.0	0
scf7180000027958	28304	0.3861	240	31.388	Ascomycota	23326.0	0
scf7180000027959	4515	0.4145	20	25.311	Ascomycota	4178.0	0
scf7180000027960	3398	0.3917	20	30.848	Ascomycota	3842.0	0
scf7180000027961	12743	0.3726	100	30.72	Ascomycota	9542.0	0
scf7180000027962	5349	0.4253	40	30.49	Ascomycota	3943.0	0
scf7180000027963	2169	0.4163	0	27.98	Ascomycota	4000.0	0
scf7180000027964	5859	0.3769	20	40.226	Ascomycota	10663.0	0
scf7180000027965	10669	0.3757	60	28.944	Ascomycota	10988.0	0
scf7180000027966	4398	0.3809	40	29.025	Ascomycota	7919.0	0
scf7180000027967	4300	0.3907	20	27.03	Ascomycota	7790.0	0
scf7180000027968	19333	0.383	140	35.627	Ascomycota	18633.0	0
scf7180000027969	4769	0.383	20	27.211	Ascomycota	8702.0	0
scf7180000027970	21172	0.3968	120	27.278	Ascomycota	22166.0	0
scf7180000027971	1754	0.4059	0	37.453	Ascomycota	3240.0	0
scf7180000027972	2046	0.4013	0	30.669	Ascomycota	3751.0	0
scf7180000027973	4924	0.3894	40	35.905	Ascomycota	4477.0	0
scf7180000027974	8123	0.3707	60	32.985	Ascomycota	6881.0	0
scf7180000027975	2521	0.4169	0	26.545	Ascomycota	4656.0	0
scf7180000027976	8538	0.3814	40	28.422	Ascomycota	13252.0	0
scf7180000027977	1899	0.3834	0	33.001	Ascomycota	3502.0	0
scf7180000027978	2351	0.3807	0	27.921	Ascomycota	3736.0	0
scf7180000027979	5537	0.3808	20	26.71	Ascomycota	6039.0	0
scf7180000027980	12587	0.3734	80	27.643	Ascomycota	9683.0	0
scf7180000027981	9698	0.3921	40	27.023	Ascomycota	10283.0	0
scf7180000027982	9214	0.368	80	27.328	Ascomycota	7190.0	0
scf7180000027983	2095	0.3909	0	29.704	Ascomycota	3869.0	0
scf7180000027984	1974	0.4144	0	31.135	Ascomycota	3607.0	0
scf7180000027985	1732	0.3637	0	42.937	Ascomycota	3193.0	0
scf7180000027986	2466	0.3398	0	24.973	Ascomycota	4554.0	0
scf7180000027987	2079	0.4079	0	28.014	Ascomycota	3840.0	0
scf7180000027988	14672	0.3738	20	34.549	Ascomycota	22980.0	0
scf7180000027989	9409	0.3881	60	31.572	Ascomycota	8458.0	0
scf7180000027990	5536	0.4301	60	25.988	Ascomycota	6894.0	0
scf7180000027991	2552	0.4424	0	23.878	Ascomycota	4702.0	0
scf7180000027992	10713	0.3975	80	32.393	Ascomycota	8419.0	0
scf7180000027993	4384	0.3714	20	26.107	Ascomycota	4109.0	0
scf7180000027994	4036	0.3831	40	29.044	Ascomycota	3458.0	0
scf7180000027995	2519	0.4129	0	22.114	Ascomycota	4652.0	0
scf7180000027996	2145	0.3566	0	27.335	Ascomycota	3962.0	0
scf7180000027997	3484	0.4287	20	27.263	Ascomycota	4519.0	0
scf7180000027998	2189	0.3883	0	26.988	Ascomycota	4043.0	0
scf7180000027999	12402	0.3839	140	30.037	Ascomycota	6215.0	0
scf7180000028000	4942	0.4365	60	30.774	Ascomycota	3559.0	0
scf7180000028001	2138	0.413	0	25.524	Ascomycota	3949.0	0
scf7180000028002	2354	0.3297	0	23.777	Ascomycota	4348.0	0
scf7180000028003	27290	0.3817	200	35.662	Ascomycota	15522.0	0
scf7180000028004	10842	0.3763	100	29.212	Ascomycota	8661.0	0
scf7180000028005	3218	0.3993	20	32.854	Ascomycota	3653.0	0
scf7180000028006	2008	0.4004	0	28.591	Ascomycota	3709.0	0
scf7180000028007	19714	0.3795	140	36.771	Ascomycota	8118.0	0
scf7180000028008	3755	0.3537	20	23.54	Ascomycota	4421.0	0
scf7180000028009	7609	0.4096	80	40.083	Ascomycota	7563.0	0
scf7180000028010	2494	0.4062	0	23.63	Ascomycota	4606.0	0
scf7180000028011	1929	0.3598	0	30.05	Ascomycota	3557.0	0
scf7180000028012	16539	0.3794	40	34.493	Ascomycota	15488.0	0
scf7180000028013	2090	0.4249	0	29.285	Ascomycota	3853.0	0
scf7180000028014	1671	0.383	0	35.669	Ascomycota	3086.0	0
scf7180000028015	1834	0.38	0	33.043	Ascomycota	3382.0	0
scf7180000028016	2153	0.4529	0	28.383	Ascomycota	3965.0	0
scf7180000028017	3139	0.3944	20	29.65	Ascomycota	3725.0	0
scf7180000028018	10717	0.3696	120	27.911	Ascomycota	6844.0	0
scf7180000028019	14332	0.3854	60	29.396	Ascomycota	22506.0	0
scf7180000028020	2133	0.4055	0	29.803	Ascomycota	3934.0	0
scf7180000028021	6285	0.3781	20	26.788	Ascomycota	11489.0	0
scf7180000028022	7004	0.3837	40	27.734	Ascomycota	5201.0	0
scf7180000028023	35429	0.3779	400	30.891	Ascomycota	9997.0	0
scf7180000028024	6880	0.4113	60	30.244	Ascomycota	6207.0	0
scf7180000028025	3825	0.3641	40	29.464	Ascomycota	3642.0	0
scf7180000028026	7039	0.3953	60	30.124	Ascomycota	3967.0	0
scf7180000028027	1689	0.3641	0	39.186	Ascomycota	3120.0	0
scf7180000028028	10452	0.376	40	25.66	Ascomycota	19041.0	0
scf7180000028029	14181	0.3875	60	30.492	Ascomycota	15594.0	0
scf7180000028030	5052	0.3787	40	38.736	Ascomycota	5241.0	0
scf7180000028031	11145	0.3585	100	24.42	Ascomycota	8227.0	0
scf7180000028032	4970	0.3584	40	38.928	Ascomycota	5984.0	0
scf7180000028033	5690	0.375	60	24.061	Ascomycota	4691.0	0
scf7180000028034	1760	0.3239	0	34.036	Ascomycota	3251.0	0
scf7180000028035	15411	0.3794	140	33.317	Ascomycota	11686.0	0
scf7180000028036	15220	0.3823	160	36.27	Ascomycota	8879.0	0
scf7180000028037	3328	0.3522	20	31.781	Ascomycota	6030.0	0
scf7180000028038	4340	0.3884	40	28.208	Ascomycota	5570.0	0
scf7180000028039	1970	0.3873	0	30.016	Ascomycota	3639.0	0
scf7180000028040	6008	0.393	20	29.838	Ascomycota	10968.0	0
scf7180000028041	1820	0.3775	0	30.787	Ascomycota	3362.0	0
scf7180000028042	6658	0.3909	20	27.115	Ascomycota	12211.0	0
scf7180000028043	1545	0.3741	0	34.211	Ascomycota	2854.0	0
scf7180000028044	4030	0.3474	20	31.5	Ascomycota	3888.0	0
scf7180000028045	1647	0.456	0	32.915	Ascomycota	3042.0	0
scf7180000028046	2017	0.3694	0	27.266	Ascomycota	3709.0	0
scf7180000028047	17394	0.384	160	24.972	Ascomycota	15307.0	0
scf7180000028048	1825	0.3726	0	29.142	Ascomycota	3371.0	0
scf7180000028049	6588	0.3761	20	29.177	Ascomycota	8521.0	0
scf7180000028050	8680	0.3635	60	25.031	Ascomycota	5075.0	0
scf7180000028051	13107	0.3766	60	36.415	Ascomycota	16696.0	0
scf7180000028052	16918	0.3759	160	36.545	Ascomycota	13134.0	0
scf7180000028053	4343	0.374	20	28.076	Ascomycota	4484.0	0
scf7180000028054	4359	0.4038	20	50.496	Ascomycota	5048.0	0
scf7180000028055	2226	0.3751	0	25.245	Ascomycota	4106.0	0
scf7180000028056	2913	0.3951	20	36.075	Ascomycota	5288.0	0
scf7180000028057	3553	0.4308	20	32.877	Ascomycota	6440.0	0
scf7180000028058	7476	0.3807	100	29.467	Ascomycota	5339.0	0
scf7180000028059	39433	0.3757	240	27.042	Ascomycota	23200.0	0
scf7180000028060	1657	0.484	0	35.527	Ascomycota	3055.0	0
scf7180000028061	1974	0.3825	0	29.79	Ascomycota	3607.0	0
scf7180000028062	2042	0.3996	0	28.058	Ascomycota	3771.0	0
scf7180000028063	18116	0.3875	140	27.795	Ascomycota	13919.0	0
scf7180000028064	6156	0.398	60	33.672	Ascomycota	11099.0	0
scf7180000028065	14828	0.3855	120	25.682	Ascomycota	10098.0	0
scf7180000028066	1913	0.367	0	28.732	Ascomycota	3533.0	0
scf7180000028067	1622	0.426	0	31.954	Ascomycota	2996.0	0
scf7180000028068	1845	0.3843	0	30.571	Ascomycota	3408.0	0
scf7180000028069	26100	0.3721	220	31.378	Ascomycota	12105.0	0
scf7180000028070	1652	0.3789	0	35.807	Ascomycota	3051.0	0
scf7180000028071	2259	0.3918	0	33.677	Ascomycota	4172.0	0
scf7180000028072	25007	0.3929	300	30.259	Ascomycota	8992.0	0
scf7180000028073	3016	0.4152	20	29.209	Ascomycota	5478.0	0
scf7180000028074	18543	0.4098	120	35.588	Ascomycota	18846.0	0
scf7180000028075	1537	0.3572	0	38.939	Ascomycota	2839.0	0
scf7180000028076	2078	0.3898	0	24.596	Ascomycota	3832.0	0
scf7180000028077	2029	0.3756	0	28.165	Ascomycota	3742.0	0
scf7180000028078	7144	0.4009	80	37.524	Ascomycota	3836.0	0
scf7180000028079	6249	0.3698	40	27.884	Ascomycota	8408.0	0
scf7180000028080	2139	0.3843	0	22.131	Ascomycota	3945.0	0
scf7180000028081	3255	0.4056	20	28.908	Ascomycota	3201.0	0
scf7180000028082	25890	0.401	160	39.731	Ascomycota	14844.0	0
scf7180000028083	1479	0.4949	0	42.336	Ascomycota	2732.0	0
scf7180000028084	2861	0.3833	20	31.288	Ascomycota	5193.0	0
scf7180000028085	1930	0.3912	0	26.45	Ascomycota	3565.0	0
scf7180000028086	4277	0.3892	20	28.182	Ascomycota	4333.0	0
scf7180000028087	6828	0.3997	40	28.232	Ascomycota	7081.0	0
scf7180000028088	6072	0.3599	60	27.993	Ascomycota	6095.0	0
scf7180000028089	10833	0.3795	120	22.865	Ascomycota	12774.0	0
scf7180000028090	1415	0.5336	0	47.7	Ascomycota	2614.0	0
scf7180000028091	2166	0.41	0	25.005	Ascomycota	3995.0	0
scf7180000028092	3466	0.3761	20	25.963	Ascomycota	6272.0	0
scf7180000028093	8354	0.3799	100	30.129	Ascomycota	3173.0	0
scf7180000028094	10545	0.3739	80	28.848	Ascomycota	5840.0	0
scf7180000028095	1723	0.4527	0	27.616	Ascomycota	3175.0	0
scf7180000028096	1811	0.4119	0	28.211	Ascomycota	3339.0	0
scf7180000028097	14776	0.386	140	34.929	Ascomycota	9439.0	0
scf7180000028098	5610	0.398	60	35.34	Ascomycota	6460.0	0
scf7180000028099	8360	0.361	60	41.686	Ascomycota	9047.0	0
scf7180000028100	3692	0.3388	20	24.112	Ascomycota	6698.0	0
scf7180000028101	1759	0.3786	0	29.563	Ascomycota	3249.0	0
scf7180000028102	2203	0.4117	0	21.551	Ascomycota	4069.0	0
scf7180000028103	1643	0.3749	0	31.598	Ascomycota	3027.0	0
scf7180000028104	25174	0.3722	180	43.611	Ascomycota	27828.0	0
scf7180000028105	11349	0.369	100	26.936	Ascomycota	7387.0	0
scf7180000028106	6839	0.397	80	28.298	Ascomycota	6270.0	0
scf7180000028107	1632	0.4136	0	33.627	Ascomycota	3014.0	0
scf7180000028108	1973	0.3837	0	24.945	Ascomycota	3644.0	0
scf7180000028109	6444	0.4128	60	30.285	Ascomycota	5066.0	0
scf7180000028110	1561	0.4087	0	31.857	Ascomycota	2883.0	0
scf7180000028111	1775	0.4	0	30.703	Ascomycota	3278.0	0
scf7180000028112	3551	0.4027	40	26.567	Ascomycota	3088.0	0
scf7180000028113	11434	0.3982	80	31.444	Ascomycota	5991.0	0
scf7180000028114	69489	0.3832	620	35.028	Ascomycota	17291.0	0
scf7180000028115	1933	0.3751	0	24.86	Ascomycota	3559.0	0
scf7180000028116	2178	0.4109	0	23.156	Ascomycota	4023.0	0
scf7180000028117	3369	0.3667	20	25.547	Ascomycota	6102.0	0
scf7180000028118	7763	0.3821	60	29.677	Ascomycota	5677.0	0
scf7180000028119	1607	0.4169	0	33.628	Ascomycota	2963.0	0
scf7180000028120	2024	0.4239	0	26.173	Ascomycota	3733.0	0
scf7180000028121	1664	0.4219	0	245.626	Ascomycota	3042.0	0
scf7180000028122	3258	0.3888	20	27.237	Ascomycota	3851.0	0
scf7180000028123	1434	0.4024	0	35.916	Ascomycota	2649.0	0
scf7180000028124	13422	0.3714	120	30.685	Ascomycota	7343.0	0
scf7180000028125	5485	0.3769	40	28.43	Ascomycota	3362.0	0
scf7180000028126	27717	0.3804	160	29.279	Ascomycota	17595.0	0
scf7180000028127	7542	0.3607	20	24.116	Ascomycota	10129.0	0
scf7180000028128	1666	0.3715	0	30.831	Ascomycota	3066.0	0
scf7180000028129	2498	0.3519	0	19.621	Ascomycota	4614.0	0
scf7180000028130	1829	0.3543	0	29.431	Ascomycota	3350.0	0
scf7180000028131	4479	0.4206	40	32.95	Ascomycota	3203.0	0
scf7180000028132	3373	0.3895	20	26.878	Ascomycota	3365.0	0
scf7180000028133	1612	0.3524	0	41.901	Ascomycota	2970.0	0
scf7180000028134	3154	0.3765	20	27.586	Ascomycota	5707.0	0
scf7180000028135	1992	0.3946	0	24.011	Ascomycota	3674.0	0
scf7180000028136	19079	0.3943	180	28.867	Ascomycota	11681.0	0
scf7180000028137	2737	0.3798	20	26.635	Ascomycota	2972.0	0
scf7180000028138	6105	0.3412	20	22.168	Ascomycota	7552.0	0
scf7180000028139	1267	0.3118	0	47.781	Ascomycota	2340.0	0
scf7180000028140	15051	0.3771	80	30.205	Ascomycota	11732.0	0
scf7180000028141	2002	0.3482	0	24.214	Ascomycota	3675.0	0
scf7180000028142	2552	0.3756	20	31.486	Ascomycota	2658.0	0
scf7180000028143	2177	0.3307	0	22.674	Ascomycota	4021.0	0
scf7180000028144	1679	0.3705	0	26.915	Ascomycota	3101.0	0
scf7180000028145	10663	0.3774	60	24.867	Ascomycota	14408.0	0
scf7180000028146	6562	0.4011	20	37.893	Ascomycota	11960.0	0
scf7180000028147	4294	0.3937	40	30.997	Ascomycota	7707.0	0
scf7180000028148	1512	0.3697	0	30.941	Ascomycota	2776.0	0
scf7180000028149	1632	0.4246	0	31.917	Ascomycota	3014.0	0
scf7180000028150	1564	0.3804	0	28.778	Ascomycota	2889.0	0
scf7180000028151	1908	0.4161	0	25.858	Ascomycota	3524.0	0
scf7180000028152	1750	0.4069	0	29.43	Ascomycota	3221.0	0
scf7180000028153	1626	0.4791	0	27.956	Ascomycota	3003.0	0
scf7180000028154	22152	0.3726	100	26.346	Ascomycota	24845.0	0
scf7180000028155	1633	0.425	0	29.319	Ascomycota	3011.0	0
scf7180000028156	1592	0.4479	0	29.857	Ascomycota	2940.0	0
scf7180000028157	1412	0.4306	0	36.321	Ascomycota	2608.0	0
scf7180000028158	1595	0.405	0	33.374	Ascomycota	2940.0	0
scf7180000028159	2764	0.4125	20	29.606	Ascomycota	2996.0	0
scf7180000028160	10437	0.4011	80	33.794	Ascomycota	6283.0	0
scf7180000028161	3687	0.3877	40	29.992	Ascomycota	3725.0	0
scf7180000028162	2042	0.3879	0	22.721	Ascomycota	3771.0	0
scf7180000028163	3392	0.3917	40	33.062	Ascomycota	2538.0	0
scf7180000028164	3192	0.3871	20	30.03	Ascomycota	3531.0	0
scf7180000028165	21753	0.3823	120	31.246	Ascomycota	17708.0	0
scf7180000028166	5971	0.3757	40	21.555	Ascomycota	5925.0	0
scf7180000028167	12810	0.3804	80	28.791	Ascomycota	11924.0	0
scf7180000028168	1703	0.4275	0	24.429	Ascomycota	3134.0	0
scf7180000028169	2933	0.3992	40	33.147	Ascomycota	2935.0	0
scf7180000028170	1321	0.3694	0	44.204	Ascomycota	2435.0	0
scf7180000028171	10579	0.3926	100	33.674	Ascomycota	6026.0	0
scf7180000028172	1874	0.3783	0	20.744	Ascomycota	3456.0	0
scf7180000028173	5668	0.3587	40	31.223	Ascomycota	7614.0	0
scf7180000028174	1711	0.3805	0	28.686	Ascomycota	3144.0	0
scf7180000028175	7331	0.4239	60	34.782	Ascomycota	9788.0	0
scf7180000028176	7034	0.3732	40	24.489	Ascomycota	6562.0	0
scf7180000028177	1415	0.4042	0	34.581	Ascomycota	2614.0	0
scf7180000028178	1473	0.3958	0	29.716	Ascomycota	2721.0	0
scf7180000028179	5597	0.4535	20	31.791	Ascomycota	10081.0	0
scf7180000028180	1534	0.3924	0	30.278	Ascomycota	2833.0	0
scf7180000028181	2916	0.3857	20	25.34	Ascomycota	3096.0	0
scf7180000028182	11105	0.3723	60	27.07	Ascomycota	8907.0	0
scf7180000028183	5831	0.3729	60	24.944	Ascomycota	5062.0	0
scf7180000028184	11221	0.3847	140	31.258	Ascomycota	5618.0	0
scf7180000028185	1759	0.3849	0	24.61	Ascomycota	3221.0	0
scf7180000028186	1962	0.3848	0	23.07	Ascomycota	3624.0	0
scf7180000028187	3094	0.4079	20	20.857	Ascomycota	3698.0	0
scf7180000028188	1612	0.3865	0	30.544	Ascomycota	2977.0	0
scf7180000028189	1396	0.3976	0	33.438	Ascomycota	2579.0	0
scf7180000028190	34888	0.3894	220	29.897	Ascomycota	40716.0	0
scf7180000028191	17322	0.4155	100	44.564	Ascomycota	24371.0	0
scf7180000028192	1440	0.3778	0	29.756	Ascomycota	2660.0	0
scf7180000028193	1065	0.3343	0	46.312	Ascomycota	1967.0	0
scf7180000028194	2565	0.3864	0	28.675	Ascomycota	4726.0	0
scf7180000028195	1846	0.3803	0	24.559	Ascomycota	3410.0	0
scf7180000028196	1739	0.3594	0	23.514	Ascomycota	3212.0	0
scf7180000028197	3139	0.3822	20	26.786	Ascomycota	3463.0	0
scf7180000028198	1345	0.2907	0	41.246	Ascomycota	2484.0	0
scf7180000028199	1598	0.3504	0	25.159	Ascomycota	2952.0	0
scf7180000028200	10454	0.3777	80	30.993	Ascomycota	9686.0	0
scf7180000028201	9755	0.367	60	25.402	Ascomycota	9027.0	0
scf7180000028202	1598	0.4237	0	29.07	Ascomycota	2952.0	0
scf7180000028203	1898	0.3767	0	22.711	Ascomycota	3500.0	0
scf7180000028204	4685	0.3651	40	22.066	Ascomycota	3570.0	0
scf7180000028205	7380	0.3792	60	30.068	Ascomycota	8202.0	0
scf7180000028206	1801	0.3565	0	25.813	Ascomycota	3326.0	0
scf7180000028207	6524	0.3717	40	34.229	Ascomycota	11828.0	0
scf7180000028208	1441	0.4178	0	27.697	Ascomycota	2628.0	0
scf7180000028209	1781	0.3296	0	25.284	Ascomycota	3284.0	0
scf7180000028210	1619	0.4151	0	27.72	Ascomycota	2990.0	0
scf7180000028211	3180	0.4041	20	24.412	Ascomycota	5781.0	0
scf7180000028212	12583	0.3652	100	27.57	Ascomycota	12303.0	0
scf7180000028213	1284	0.4502	0	36.042	Ascomycota	2361.0	0
scf7180000028214	1691	0.4264	0	23.607	Ascomycota	3118.0	0
scf7180000028215	3408	0.3643	40	27.1	Ascomycota	3690.0	0
scf7180000028216	2807	0.4327	20	28.151	Ascomycota	5088.0	0
scf7180000028217	12985	0.3708	160	28.049	Ascomycota	5541.0	0
scf7180000028218	20394	0.3818	180	27.689	Ascomycota	13904.0	0
scf7180000028219	2860	0.3535	20	24.593	Ascomycota	5175.0	0
scf7180000028220	3800	0.4262	20	20.132	Ascomycota	3668.0	0
scf7180000028221	11815	0.3826	140	31.545	Ascomycota	11243.0	0
scf7180000028222	13717	0.3903	60	27.925	Ascomycota	18399.0	0
scf7180000028223	6052	0.3636	20	26.206	Ascomycota	8377.0	0
scf7180000028224	2773	0.4628	20	26.392	Ascomycota	2966.0	0
scf7180000028225	13808	0.4007	100	32.064	Ascomycota	11876.0	0
scf7180000028226	1722	0.3792	0	27.434	Ascomycota	3181.0	0
scf7180000028227	38774	0.3798	340	35.166	Ascomycota	13703.0	0
scf7180000028228	2479	0.3749	20	32.348	Ascomycota	4501.0	0
scf7180000028229	1312	0.3659	0	29.119	Ascomycota	2423.0	0
scf7180000028230	20033	0.3761	80	31.098	Ascomycota	14310.0	0
scf7180000028231	12704	0.3892	20	34.279	Ascomycota	20659.0	0
scf7180000028232	1255	0.3522	0	36.14	Ascomycota	2318.0	0
scf7180000028233	3782	0.3825	20	31.2	Ascomycota	6767.0	0
scf7180000028234	21355	0.3899	200	32.551	Ascomycota	8861.0	0
scf7180000028235	12713	0.4068	100	29.49	Ascomycota	11548.0	0
scf7180000028236	6717	0.3619	60	25.636	Ascomycota	6083.0	0
scf7180000028237	3191	0.3765	20	29.326	Ascomycota	5707.0	0
scf7180000028238	1600	0.4113	0	25.672	Ascomycota	2955.0	0
scf7180000028239	12481	0.3865	80	29.04	Ascomycota	7587.0	0
scf7180000028240	3024	0.3805	20	28.597	Ascomycota	2957.0	0
scf7180000028241	2048	0.4526	0	19.02	Ascomycota	3783.0	0
scf7180000028242	8599	0.3722	60	25.27	Ascomycota	9588.0	0
scf7180000028243	6666	0.4272	60	27.138	Ascomycota	7164.0	0
scf7180000028244	1513	0.3761	0	26.025	Ascomycota	2795.0	0
scf7180000028245	8615	0.3842	120	23.968	Ascomycota	4761.0	0
scf7180000028246	2930	0.4124	20	29.824	Ascomycota	2841.0	0
scf7180000028247	2841	0.3804	20	30.826	Ascomycota	5153.0	0
scf7180000028248	11312	0.3818	120	26.287	Ascomycota	8929.0	0
scf7180000028249	5043	0.3609	20	26.616	Ascomycota	6397.0	0
scf7180000028250	1062	0.3456	0	44.813	Ascomycota	1962.0	0
scf7180000028251	10359	0.4121	80	34.063	Ascomycota	11367.0	0
scf7180000028252	4521	0.3564	40	25.488	Ascomycota	3618.0	0
scf7180000028253	1234	0.4133	0	33.246	Ascomycota	2279.0	0
scf7180000028254	1687	0.3865	0	23.242	Ascomycota	3116.0	0
scf7180000028255	5789	0.4278	60	28.441	Ascomycota	3227.0	0
scf7180000028256	10137	0.3887	120	35.661	Ascomycota	17983.0	0
scf7180000028257	2890	0.3937	20	24.463	Ascomycota	3166.0	0
scf7180000028258	4240	0.376	40	30.773	Ascomycota	5094.0	0
scf7180000028259	8348	0.3918	40	32.904	Ascomycota	7871.0	0
scf7180000028260	8566	0.3652	40	43.364	Ascomycota	15553.0	0
scf7180000028261	1424	0.4031	0	28.504	Ascomycota	2625.0	0
scf7180000028262	5625	0.3717	40	28.75	Ascomycota	5616.0	0
scf7180000028263	3519	0.3815	20	24.098	Ascomycota	6377.0	0
scf7180000028264	33050	0.3902	280	30.425	Ascomycota	15623.0	0
scf7180000028265	4817	0.3775	20	33.141	Ascomycota	8761.0	0
scf7180000028266	3506	0.4036	20	30.676	Ascomycota	4322.0	0
scf7180000028267	1823	0.3346	0	26.208	Ascomycota	3350.0	0
scf7180000028268	4270	0.3636	40	27.894	Ascomycota	3286.0	0
scf7180000028269	1240	0.4016	0	34.506	Ascomycota	2285.0	0
scf7180000028270	1290	0.4093	0	31.631	Ascomycota	2383.0	0
scf7180000028271	7611	0.3677	40	28.737	Ascomycota	11646.0	0
scf7180000028272	2461	0.406	20	26.699	Ascomycota	2305.0	0
scf7180000028273	8194	0.3607	40	23.86	Ascomycota	8582.0	0
scf7180000028274	2558	0.3991	20	26.938	Ascomycota	4575.0	0
scf7180000028275	1332	0.4182	0	27.283	Ascomycota	2460.0	0
scf7180000028276	2626	0.3968	20	26.01	Ascomycota	2571.0	0
scf7180000028277	7384	0.3803	60	30.977	Ascomycota	5522.0	0
scf7180000028278	1315	0.3802	0	26.761	Ascomycota	2422.0	0
scf7180000028279	1282	0.4103	0	28.605	Ascomycota	2368.0	0
scf7180000028280	1372	0.3491	0	27.098	Ascomycota	2534.0	0
scf7180000028281	1136	0.3961	0	29.643	Ascomycota	2098.0	0
scf7180000028282	1268	0.3659	0	30.607	Ascomycota	2342.0	0
scf7180000028283	5242	0.3677	40	30.953	Ascomycota	7396.0	0
scf7180000028284	1267	0.3986	0	29.005	Ascomycota	2340.0	0
scf7180000028285	12394	0.3944	40	29.74	Ascomycota	16460.0	0
scf7180000028286	7105	0.4149	60	32.221	Ascomycota	3657.0	0
scf7180000028287	23592	0.3879	160	32.869	Ascomycota	26797.0	0
scf7180000028288	4564	0.3731	40	26.777	Ascomycota	3949.0	0
scf7180000028289	7529	0.3795	40	24.301	Ascomycota	11036.0	0
scf7180000028290	2673	0.3626	20	25.17	Ascomycota	2490.0	0
scf7180000028291	1293	0.3743	0	35.883	Ascomycota	2388.0	0
scf7180000028292	7375	0.3799	20	28.047	Ascomycota	13531.0	0
scf7180000028293	1516	0.3734	0	24.643	Ascomycota	2800.0	0
scf7180000028294	19157	0.3862	120	31.545	Ascomycota	14554.0	0
scf7180000028295	1538	0.3836	0	24.456	Ascomycota	2841.0	0
scf7180000028296	10445	0.3801	80	32.107	Ascomycota	11551.0	0
scf7180000028297	2529	0.4225	20	27.587	Ascomycota	4543.0	0
scf7180000028298	1330	0.4361	0	25.713	Ascomycota	2457.0	0
scf7180000028299	3667	0.3948	40	33.501	Ascomycota	4370.0	0
scf7180000028300	2947	0.3929	20	19.407	Ascomycota	3073.0	0
scf7180000028301	6279	0.3796	20	27.94	Ascomycota	11483.0	0
scf7180000028302	1078	0.4109	0	33.891	Ascomycota	1986.0	0
scf7180000028303	1472	0.3811	0	25.416	Ascomycota	2682.0	0
scf7180000028304	1217	0.3961	0	31.094	Ascomycota	2248.0	0
scf7180000028305	1230	0.3959	0	28.989	Ascomycota	2255.0	0
scf7180000028306	1299	0.3995	0	30.025	Ascomycota	2399.0	0
scf7180000028307	1435	0.4007	0	26.816	Ascomycota	2651.0	0
scf7180000028308	5669	0.4047	20	30.592	Ascomycota	10342.0	0
scf7180000028309	1691	0.3779	0	19.941	Ascomycota	3107.0	0
scf7180000028310	3271	0.3743	20	24.874	Ascomycota	3179.0	0
scf7180000028311	19872	0.3917	160	36.427	Ascomycota	10440.0	0
scf7180000028312	1290	0.3612	0	28.913	Ascomycota	2383.0	0
scf7180000028313	1491	0.4574	0	26.944	Ascomycota	2754.0	0
scf7180000028314	1113	0.4052	0	36.168	Ascomycota	2056.0	0
scf7180000028315	1107	0.3731	0	34.348	Ascomycota	2045.0	0
scf7180000028316	9379	0.3623	20	30.341	Ascomycota	15186.0	0
scf7180000028317	3506	0.4406	40	34.988	Ascomycota	3657.0	0
scf7180000028318	1448	0.3688	0	21.539	Ascomycota	2663.0	0
scf7180000028319	2450	0.4037	20	25.796	Ascomycota	4261.0	0
scf7180000028320	5280	0.3865	40	32.297	Ascomycota	4466.0	0
scf7180000028321	11837	0.3817	120	28.851	Ascomycota	9393.0	0
scf7180000028322	1216	0.4005	0	29.532	Ascomycota	2246.0	0
scf7180000028323	1205	0.3909	0	29.216	Ascomycota	2226.0	0
scf7180000028324	1531	0.3997	0	22.639	Ascomycota	2828.0	0
scf7180000028325	2848	0.3738	20	27.193	Ascomycota	5116.0	0
scf7180000028326	13381	0.3684	100	26.584	Ascomycota	16794.0	0
scf7180000028327	5520	0.3834	40	22.924	Ascomycota	7046.0	0
scf7180000028328	13780	0.4069	80	28.204	Ascomycota	8096.0	0
scf7180000028329	1473	0.3686	0	22.332	Ascomycota	2721.0	0
scf7180000028330	1341	0.39	0	26.604	Ascomycota	2477.0	0
scf7180000028331	6638	0.3661	60	30.234	Ascomycota	8822.0	0
scf7180000028332	1371	0.372	0	26.08	Ascomycota	2532.0	0
scf7180000028333	7534	0.372	60	36.44	Ascomycota	9404.0	0
scf7180000028334	3666	0.4029	20	31.454	Ascomycota	4610.0	0
scf7180000028335	5732	0.3985	20	32.536	Ascomycota	8541.0	0
scf7180000028336	1287	0.3209	0	31.674	Ascomycota	2377.0	0
scf7180000028337	2486	0.3573	20	22.711	Ascomycota	2545.0	0
scf7180000028338	1507	0.4426	0	21.417	Ascomycota	2784.0	0
scf7180000028339	2468	0.3301	20	25.448	Ascomycota	3622.0	0
scf7180000028340	1252	0.3746	0	28.45	Ascomycota	2302.0	0
scf7180000028341	1225	0.391	0	27.064	Ascomycota	2257.0	0
scf7180000028342	7273	0.3635	80	26.62	Ascomycota	7452.0	0
scf7180000028343	5333	0.3573	40	25.776	Ascomycota	5391.0	0
scf7180000028344	3403	0.3559	20	29.254	Ascomycota	6200.0	0
scf7180000028345	2134	0.3411	20	26.989	Ascomycota	1993.0	0
scf7180000028346	1234	0.3647	0	25.826	Ascomycota	2279.0	0
scf7180000028347	1433	0.4389	0	24.722	Ascomycota	2647.0	0
scf7180000028348	15839	0.4269	60	22.022	Ascomycota	13742.0	0
scf7180000028349	1120	0.3795	0	35.26	Ascomycota	2069.0	0
scf7180000028350	1325	0.4347	0	21.99	Ascomycota	2431.0	0
scf7180000028351	1314	0.3516	0	21.446	Ascomycota	2427.0	0
scf7180000028352	4549	0.377	40	26.763	Ascomycota	6248.0	0
scf7180000028353	2705	0.387	20	25.469	Ascomycota	4887.0	0
scf7180000028354	5574	0.3678	60	27.016	Ascomycota	4433.0	0
scf7180000028355	7540	0.3588	60	31.474	Ascomycota	5529.0	0
scf7180000028356	7510	0.3988	40	31.272	Ascomycota	9489.0	0
scf7180000028357	1433	0.3782	0	25.015	Ascomycota	2647.0	0
scf7180000028358	1543	0.3247	0	21.567	Ascomycota	2844.0	0
scf7180000028359	7401	0.3839	60	32.555	Ascomycota	6671.0	0
scf7180000028360	2170	0.3949	20	30.372	Ascomycota	3851.0	0
scf7180000028361	3967	0.4226	20	46.522	Ascomycota	7158.0	0
scf7180000028362	16464	0.384	140	32.964	Ascomycota	10050.0	0
scf7180000028363	1215	0.4156	0	31.983	Ascomycota	2244.0	0
scf7180000028364	5636	0.4053	20	27.295	Ascomycota	10290.0	0
scf7180000028365	8710	0.3843	100	27.731	Ascomycota	7686.0	0
scf7180000028366	11625	0.3671	60	25.651	Ascomycota	21152.0	0
scf7180000028367	1264	0.3932	0	23.161	Ascomycota	2335.0	0
scf7180000028368	5215	0.3675	20	28.268	Ascomycota	7598.0	0
scf7180000028369	3986	0.3751	40	32.12	Ascomycota	3153.0	0
scf7180000028370	1224	0.4069	0	27.145	Ascomycota	2261.0	0
scf7180000028371	2318	0.3851	20	35.106	Ascomycota	2368.0	0
scf7180000028372	1133	0.3901	0	26.872	Ascomycota	2093.0	0
scf7180000028373	10652	0.3927	100	26.78	Ascomycota	8530.0	0
scf7180000028374	7403	0.4015	80	24.661	Ascomycota	8645.0	0
scf7180000028375	5397	0.4081	40	27.383	Ascomycota	5526.0	0
scf7180000028376	1276	0.4514	0	27.853	Ascomycota	2340.0	0
scf7180000028377	4063	0.3787	20	26.426	Ascomycota	5284.0	0
scf7180000028378	1215	0.372	0	24.89	Ascomycota	2239.0	0
scf7180000028379	1006	0.329	0	28.653	Ascomycota	1853.0	0
scf7180000028380	4128	0.3788	20	35.36	Ascomycota	7528.0	0
scf7180000028381	7575	0.3643	20	25.215	Ascomycota	11622.0	0
scf7180000028382	11823	0.3969	80	32.235	Ascomycota	7987.0	0
scf7180000028383	1379	0.3923	0	22.021	Ascomycota	2542.0	0
scf7180000028384	5891	0.403	40	22.64	Ascomycota	8287.0	0
scf7180000028385	1212	0.3977	0	31.702	Ascomycota	2239.0	0
scf7180000028386	10685	0.3767	40	32.983	Ascomycota	12334.0	0
scf7180000028387	1409	0.3279	0	22.076	Ascomycota	2603.0	0
scf7180000028388	1069	0.4116	0	30.139	Ascomycota	1975.0	0
scf7180000028389	1077	0.3695	0	26.688	Ascomycota	1989.0	0
scf7180000028390	1241	0.3755	0	24.541	Ascomycota	2287.0	0
scf7180000028391	11130	0.3672	100	38.364	Ascomycota	8855.0	0
scf7180000028392	13527	0.3662	80	27.259	Ascomycota	14707.0	0
scf7180000028393	3536	0.3424	20	25.247	Ascomycota	6407.0	0
scf7180000028394	25230	0.3761	140	34.557	Ascomycota	16415.0	0
scf7180000028395	1073	0.4101	0	30.454	Ascomycota	1982.0	0
scf7180000028396	8727	0.376	40	22.326	Ascomycota	10543.0	0
scf7180000028397	10031	0.3885	60	25.791	Ascomycota	10678.0	0
scf7180000028398	18477	0.3905	100	29.337	Ascomycota	24085.0	0
scf7180000028399	1155	0.3619	0	27.164	Ascomycota	2134.0	0
scf7180000028400	4030	0.3793	20	27.642	Ascomycota	5036.0	0
scf7180000028401	1102	0.3784	0	39.445	Ascomycota	2036.0	0
scf7180000028402	3630	0.3665	20	23.711	Ascomycota	4296.0	0
scf7180000028403	9428	0.3789	20	29.12	Ascomycota	15165.0	0
scf7180000028404	1040	0.4115	0	31.442	Ascomycota	1921.0	0
scf7180000028405	1341	0.4124	0	25.01	Ascomycota	2460.0	0
scf7180000028406	8456	0.3721	120	27.3	Ascomycota	3736.0	0
scf7180000028407	1138	0.3392	0	25.042	Ascomycota	2102.0	0
scf7180000028408	3034	0.3601	40	21.597	Ascomycota	2623.0	0
scf7180000028409	1266	0.3397	0	21.921	Ascomycota	2338.0	0
scf7180000028410	1082	0.3826	0	26.761	Ascomycota	1999.0	0
scf7180000028411	1376	0.3401	0	21.759	Ascomycota	2536.0	0
scf7180000028412	49538	0.3831	360	37.287	Ascomycota	19051.0	0
scf7180000028413	4666	0.3876	20	29.017	Ascomycota	6680.0	0
scf7180000028414	1136	0.397	0	25.105	Ascomycota	2098.0	0
scf7180000028415	14234	0.3595	80	24.942	Ascomycota	9465.0	0
scf7180000028416	1216	0.3388	0	21.317	Ascomycota	2241.0	0
scf7180000028417	2787	0.3907	20	23.783	Ascomycota	2606.0	0
scf7180000028418	2719	0.3867	40	21.757	Ascomycota	2183.0	0
scf7180000028419	15511	0.4088	100	33.841	Ascomycota	7343.0	0
scf7180000028420	9768	0.3888	60	31.245	Ascomycota	10067.0	0
scf7180000028421	10231	0.4096	80	27.735	Ascomycota	9284.0	0
scf7180000028422	1219	0.3946	0	22.096	Ascomycota	2252.0	0
scf7180000028423	1317	0.3964	0	22.071	Ascomycota	2416.0	0
scf7180000028424	11418	0.3735	60	22.164	Ascomycota	10292.0	0
scf7180000028425	2153	0.3985	20	26.482	Ascomycota	2012.0	0
scf7180000028426	1210	0.4496	0	21.88	Ascomycota	2235.0	0
scf7180000028427	6121	0.3662	20	29.085	Ascomycota	8977.0	0
scf7180000028428	1178	0.3769	0	21.19	Ascomycota	2170.0	0
scf7180000028429	1006	0.3817	0	25.925	Ascomycota	1858.0	0
scf7180000028430	1164	0.3436	0	25.466	Ascomycota	2150.0	0
scf7180000028431	1123	0.366	0	22.865	Ascomycota	2074.0	0
scf7180000028432	3685	0.3992	20	42.176	Ascomycota	4215.0	0
scf7180000028433	1011	0.3808	0	25.147	Ascomycota	1868.0	0
scf7180000028434	1095	0.3836	0	27.834	Ascomycota	2023.0	0
scf7180000028435	3601	0.4074	20	25.635	Ascomycota	4357.0	0
scf7180000028436	1123	0.4159	0	25.105	Ascomycota	2074.0	0
scf7180000028437	3090	0.3756	20	22.881	Ascomycota	5622.0	0
scf7180000028438	11516	0.394	100	24.953	Ascomycota	6994.0	0
scf7180000028439	1117	0.3975	0	25.512	Ascomycota	2063.0	0
scf7180000028440	1521	0.3419	0	16.274	Ascomycota	2809.0	0
scf7180000028441	1102	0.4056	0	23.452	Ascomycota	2036.0	0
scf7180000028442	1041	0.389	0	26.697	Ascomycota	1917.0	0
scf7180000028443	1136	0.3829	0	20.111	Ascomycota	2098.0	0
scf7180000028444	1104	0.3696	0	23.393	Ascomycota	2034.0	0
scf7180000028445	21378	0.374	220	32.531	Ascomycota	7358.0	0
scf7180000028446	1057	0.3415	0	22.623	Ascomycota	1953.0	0
scf7180000028447	5803	0.3902	40	24.94	Ascomycota	7339.0	0
scf7180000028448	1037	0.405	0	20.5	Ascomycota	1916.0	0
scf7180000028449	5201	0.4165	20	28.454	Ascomycota	7435.0	0
scf7180000028450	3145	0.3789	20	22.242	Ascomycota	5655.0	0
scf7180000028451	1148	0.4251	0	26.375	Ascomycota	2098.0	0
scf7180000028452	5909	0.3795	20	29.706	Ascomycota	8756.0	0
scf7180000028453	1219	0.361	0	19.615	Ascomycota	2241.0	0
scf7180000028454	1010	0.3881	0	22.227	Ascomycota	1860.0	0
scf7180000028455	9556	0.4151	100	40.598	Ascomycota	7396.0	0
scf7180000028456	10106	0.3904	20	30.651	Ascomycota	18506.0	0
scf7180000028457	10812	0.4205	20	23.223	Ascomycota	17725.0	0
scf7180000028458	4397	0.4017	40	31.367	Ascomycota	6080.0	0
scf7180000028459	4522	0.3974	20	28.021	Ascomycota	6460.0	0
scf7180000028460	1056	0.4205	0	21.739	Ascomycota	1951.0	0
scf7180000028461	1292	0.3816	0	19.49	Ascomycota	2386.0	0
scf7180000028462	1106	0.3427	0	20.388	Ascomycota	2043.0	0
scf7180000028463	7577	0.3722	60	25.674	Ascomycota	6403.0	0
scf7180000028464	1009	0.3548	0	23.498	Ascomycota	1864.0	0
scf7180000028465	2248	0.3519	20	22.194	Ascomycota	2135.0	0
scf7180000028466	1037	0.4069	0	22.617	Ascomycota	1916.0	0
scf7180000028467	1093	0.4236	0	19.669	Ascomycota	2019.0	0
scf7180000028468	1007	0.3366	0	16.315	Ascomycota	1860.0	0
scf7180000028469	2732	0.362	0	123.288	Ascomycota	5029.0	0
scf7180000028470	1420	0.3732	0	19.551	Ascomycota	2623.0	0
scf7180000028471	5679	0.3608	0	48.721	Ascomycota	10460.0	0
scf7180000028472	1690	0.4041	0	71.034	Ascomycota	3121.0	0
scf7180000028473	17171	0.3676	40	39.312	Ascomycota	22849.0	0
scf7180000028474	3978	0.4191	0	52.169	Ascomycota	7297.0	0
scf7180000028475	8604	0.399	0	39.793	Ascomycota	15889.0	0
scf7180000028476	2928	0.3788	0	30.008	Ascomycota	5402.0	0
scf7180000028477	27264	0.3772	140	29.766	Ascomycota	12611.0	0
scf7180000028478	1547	0.3613	0	28.719	Ascomycota	2857.0	0
scf7180000028479	1447	0.358	0	23.795	Ascomycota	2673.0	0
scf7180000028480	1565	0.3642	0	22.339	Ascomycota	2891.0	0
scf7180000028481	4172	0.3804	0	32.437	Ascomycota	7694.0	0
scf7180000028482	2357	0.3848	0	36.151	Ascomycota	4303.0	0
scf7180000028483	29370	0.3926	200	33.982	Ascomycota	18279.0	0
scf7180000028484	2026	0.3771	0	27.615	Ascomycota	3736.0	0
scf7180000028485	9487	0.3687	60	24.151	Ascomycota	11550.0	0
scf7180000028486	2497	0.3849	0	91.128	Ascomycota	4466.0	0
scf7180000028487	2980	0.3876	0	32.8	Ascomycota	5465.0	0
scf7180000028488	1368	0.3743	0	24.068	Ascomycota	2527.0	0
scf7180000028489	17981	0.381	140	27.322	Ascomycota	8901.0	0
scf7180000028490	11869	0.3771	100	35.928	Ascomycota	8104.0	0
scf7180000028491	10120	0.365	0	45.532	Ascomycota	18683.0	0
scf7180000028492	5879	0.3662	0	43.453	Ascomycota	10857.0	0
scf7180000028493	10919	0.3823	20	30.535	Ascomycota	12844.0	0
scf7180000028494	10114	0.3765	40	41.698	Ascomycota	13965.0	0
scf7180000028495	12120	0.4052	100	32.781	Ascomycota	8608.0	0
scf7180000028496	5199	0.3718	0	31.846	Ascomycota	9601.0	0
scf7180000028497	5243	0.3761	0	33.936	Ascomycota	9683.0	0
scf7180000028498	17704	0.3919	100	31.06	Ascomycota	26618.0	0
scf7180000028499	8963	0.379	40	29.189	Ascomycota	6794.0	0
scf7180000028500	8255	0.3712	20	27.558	Ascomycota	15139.0	0
scf7180000028501	4688	0.3776	0	32.453	Ascomycota	8658.0	0
scf7180000028502	11722	0.3799	40	27.389	Ascomycota	13121.0	0
scf7180000028503	3192	0.364	0	41.976	Ascomycota	5884.0	0
scf7180000028504	2964	0.3688	0	31.847	Ascomycota	5474.0	0
scf7180000028505	2528	0.3873	0	26.737	Ascomycota	4663.0	0
scf7180000028506	2328	0.3509	0	22.674	Ascomycota	4300.0	0
scf7180000028507	15009	0.3714	60	32.461	Ascomycota	16175.0	0
scf7180000028508	16705	0.38	160	25.171	Ascomycota	12323.0	0
scf7180000028509	30778	0.38	80	33.335	Ascomycota	22971.0	0
scf7180000028510	8831	0.4053	0	33.242	Ascomycota	13681.0	0
scf7180000028511	6427	0.3804	0	57.698	Ascomycota	11814.0	0
scf7180000028512	12217	0.3816	20	28.959	Ascomycota	14419.0	0
scf7180000028513	5116	0.3932	20	30.976	Ascomycota	7223.0	0
scf7180000028514	3686	0.4015	0	42.062	Ascomycota	6763.0	0
scf7180000028515	2208	0.3732	0	145.921	Ascomycota	4034.0	0
scf7180000028516	2146	0.3388	0	434.26	Ascomycota	3952.0	0
scf7180000028517	16665	0.3583	40	35.703	Ascomycota	13125.0	0
scf7180000028518	3366	0.3776	0	29.974	Ascomycota	6205.0	0
scf7180000028519	10164	0.3966	80	26.551	Ascomycota	15287.0	0
scf7180000028520	20264	0.3886	160	40.706	Ascomycota	9985.0	0
scf7180000028521	1473	0.3075	0	32.179	Ascomycota	2721.0	0
scf7180000028522	5440	0.3886	0	31.908	Ascomycota	10002.0	0
scf7180000028523	6099	0.3826	20	35.517	Ascomycota	7642.0	0
scf7180000028524	13166	0.3804	60	29.889	Ascomycota	12473.0	0
scf7180000028525	4418	0.4278	0	32.019	Ascomycota	8126.0	0
scf7180000028526	16116	0.3867	120	40.363	Ascomycota	10953.0	0
scf7180000028527	5970	0.3595	0	27.404	Ascomycota	10992.0	0
scf7180000028528	3382	0.3921	0	30.621	Ascomycota	6229.0	0
scf7180000028529	3109	0.3852	20	81.714	Ascomycota	5657.0	0
scf7180000028530	8689	0.3923	0	52.447	Ascomycota	16046.0	0
scf7180000028531	3797	0.3758	0	25.617	Ascomycota	7001.0	0
scf7180000028532	3875	0.3964	0	31.396	Ascomycota	7140.0	0
scf7180000028533	2742	0.3388	0	39.35	Ascomycota	5059.0	0
scf7180000028534	3065	0.4059	0	33.023	Ascomycota	5633.0	0
scf7180000028535	12658	0.385	40	29.088	Ascomycota	11631.0	0
scf7180000028536	8469	0.375	40	24.333	Ascomycota	9707.0	0
scf7180000028537	4062	0.3826	0	18.812	Ascomycota	7502.0	0
scf7180000028538	2779	0.3958	0	23.312	Ascomycota	5116.0	0
scf7180000028539	16984	0.4229	80	41.376	Ascomycota	16910.0	0
scf7180000028540	2449	0.3822	0	29.54	Ascomycota	4506.0	0
scf7180000028541	13787	0.3846	100	28.945	Ascomycota	9474.0	0
scf7180000028542	6984	0.3845	40	28.844	Ascomycota	6348.0	0
scf7180000028543	12738	0.3647	20	29.784	Ascomycota	13577.0	0
scf7180000028544	2357	0.3759	0	29.295	Ascomycota	4353.0	0
scf7180000028545	2027	0.3557	0	33.802	Ascomycota	3736.0	0
scf7180000028546	3235	0.3852	0	29.825	Ascomycota	5975.0	0
scf7180000028547	1636	0.3808	0	29.965	Ascomycota	3022.0	0
scf7180000028548	1999	0.3847	0	24.87	Ascomycota	3692.0	0
scf7180000028549	9517	0.3822	80	29.199	Ascomycota	5838.0	0
scf7180000028550	1982	0.3441	0	26.373	Ascomycota	3661.0	0
scf7180000028551	5664	0.4433	20	32.211	Ascomycota	7009.0	0
scf7180000028552	2274	0.3953	0	24.961	Ascomycota	4183.0	0
scf7180000028553	1896	0.4325	0	28.738	Ascomycota	3496.0	0
scf7180000028554	11626	0.3778	80	27.73	Ascomycota	10358.0	0
scf7180000028555	1692	0.4267	0	34.134	Ascomycota	3109.0	0
scf7180000028556	1527	0.3687	0	30.141	Ascomycota	2747.0	0
scf7180000028557	1978	0.4237	0	27.164	Ascomycota	3642.0	0
scf7180000028558	1611	0.4016	0	21.763	Ascomycota	2976.0	0
scf7180000028559	7383	0.3739	100	24.15	Ascomycota	3273.0	0
scf7180000028560	1214	0.3987	0	31.973	Ascomycota	2242.0	0
scf7180000028561	3942	0.409	40	32.448	Ascomycota	2772.0	0
scf7180000028562	1826	0.4031	0	24.45	Ascomycota	3373.0	0
scf7180000028563	2611	0.373	0	34.83	Ascomycota	4817.0	0
scf7180000028564	20130	0.3859	140	32.159	Ascomycota	11773.0	0
scf7180000028565	1449	0.3575	0	21.585	Ascomycota	2671.0	0
scf7180000028566	1205	0.3726	0	20.591	Ascomycota	2226.0	0
scf7180000028567	8348	0.3873	0	47.025	Ascomycota	15354.0	0
scf7180000028568	7869	0.3617	0	51.629	Ascomycota	14495.0	0
scf7180000028569	2060	0.415	0	95.965	Ascomycota	3472.0	0
scf7180000028570	6349	0.3684	0	33.541	Ascomycota	11708.0	0
scf7180000028571	4740	0.3696	0	46.973	Ascomycota	8754.0	0
scf7180000028572	9560	0.3833	20	36.476	Ascomycota	12482.0	0
scf7180000028573	2496	0.3542	0	37.976	Ascomycota	4497.0	0
scf7180000028574	4482	0.3632	0	25.631	Ascomycota	8272.0	0
scf7180000028575	1975	0.3473	0	31.712	Ascomycota	3642.0	0
scf7180000028576	5021	0.38	0	28.472	Ascomycota	9223.0	0
scf7180000028577	1941	0.3586	0	44.777	Ascomycota	3358.0	0
scf7180000028578	4391	0.3951	0	29.31	Ascomycota	8104.0	0
scf7180000028579	12433	0.3715	40	38.397	Ascomycota	22404.0	0
scf7180000028580	3089	0.3561	0	33.47	Ascomycota	5677.0	0
scf7180000028581	1354	0.387	0	43.246	Ascomycota	2486.0	0
scf7180000028582	2410	0.3585	0	31.968	Ascomycota	4359.0	0
scf7180000028583	1809	0.3554	0	50.99	Ascomycota	2512.0	0
scf7180000028584	3166	0.397	0	39.268	Ascomycota	5818.0	0
scf7180000028585	1660	0.3663	0	26.075	Ascomycota	3066.0	0
scf7180000028586	2500	0.34	0	29.004	Ascomycota	4536.0	0
scf7180000028587	3156	0.3695	0	28.5	Ascomycota	5829.0	0
scf7180000028588	1339	0.4145	0	47.807	Ascomycota	2468.0	0
scf7180000028589	2442	0.3612	0	26.387	Ascomycota	4505.0	0
scf7180000028590	2235	0.3575	0	29.715	Ascomycota	4089.0	0
scf7180000028591	2350	0.3668	0	43.072	Ascomycota	4296.0	0
scf7180000028592	1313	0.4547	0	28.021	Ascomycota	2396.0	0
scf7180000028593	8585	0.373	0	29.754	Ascomycota	15762.0	0
scf7180000028594	4509	0.3662	20	47.136	Ascomycota	5204.0	0
scf7180000028595	4158	0.4153	0	41.377	Ascomycota	7600.0	0
scf7180000028596	11134	0.3781	20	29.042	Ascomycota	13633.0	0
scf7180000028597	3503	0.3811	0	40.566	Ascomycota	6458.0	0
scf7180000028598	4088	0.4105	0	37.488	Ascomycota	7550.0	0
scf7180000028599	21313	0.4343	120	37.681	Ascomycota	12024.0	0
scf7180000028600	6509	0.3796	0	32.709	Ascomycota	12004.0	0
scf7180000028601	8210	0.383	20	60.728	Ascomycota	11239.0	0
scf7180000028602	2342	0.3954	0	25.59	Ascomycota	4325.0	0
scf7180000028603	6193	0.3852	20	30.986	Ascomycota	11225.0	0
scf7180000028604	4224	0.3724	0	25.819	Ascomycota	7795.0	0
scf7180000028605	26610	0.3822	160	38.435	Ascomycota	11635.0	0
scf7180000028606	4310	0.3974	20	30.624	Ascomycota	7701.0	0
scf7180000028607	1356	0.3761	0	32.054	Ascomycota	2488.0	0
scf7180000028608	8096	0.3911	40	30.609	Ascomycota	12658.0	0
scf7180000028609	2197	0.3741	0	62.246	Ascomycota	4002.0	0
scf7180000028610	4998	0.3667	0	59.361	Ascomycota	9121.0	0
scf7180000028611	3251	0.4614	0	585.628	Ascomycota	5854.0	0
scf7180000028612	2767	0.3668	0	31.677	Ascomycota	4841.0	0
scf7180000028613	12304	0.3695	20	37.515	Ascomycota	13682.0	0
scf7180000028614	4367	0.3506	0	25.968	Ascomycota	8037.0	0
scf7180000028615	2675	0.3764	0	37.846	Ascomycota	4918.0	0
scf7180000028616	1967	0.4067	0	30.366	Ascomycota	3627.0	0
scf7180000028617	2295	0.3312	0	43.134	Ascomycota	3952.0	0
scf7180000028618	4521	0.3709	0	51.711	Ascomycota	8251.0	0
scf7180000028619	1743	0.3569	0	36.114	Ascomycota	3214.0	0
scf7180000028620	2525	0.3747	0	38.461	Ascomycota	4597.0	0
scf7180000028621	3607	0.323	0	32.127	Ascomycota	6529.0	0
scf7180000028622	13240	0.3641	20	32.85	Ascomycota	24020.0	0
scf7180000028623	5941	0.3842	20	28.046	Ascomycota	7005.0	0
scf7180000028624	10249	0.406	20	26.194	Ascomycota	15823.0	0
scf7180000028625	4530	0.4358	0	47.916	Ascomycota	8277.0	0
scf7180000028626	13824	0.3882	0	29.114	Ascomycota	25468.0	0
scf7180000028627	14473	0.3877	0	35.162	Ascomycota	26714.0	0
scf7180000028628	8853	0.3816	0	49.192	Ascomycota	16331.0	0
scf7180000028629	11892	0.3694	20	25.01	Ascomycota	18567.0	0
scf7180000028630	10335	0.394	0	36.567	Ascomycota	19053.0	0
scf7180000028631	6947	0.3666	0	29.165	Ascomycota	12824.0	0
scf7180000028632	8115	0.3758	0	26.281	Ascomycota	14957.0	0
scf7180000028633	12974	0.3924	80	27.846	Ascomycota	11642.0	0
scf7180000028634	5412	0.3836	0	38.334	Ascomycota	9989.0	0
scf7180000028635	13030	0.3919	40	25.002	Ascomycota	15152.0	0
scf7180000028636	6717	0.3656	0	31.724	Ascomycota	12362.0	0
scf7180000028637	7566	0.4015	0	34.133	Ascomycota	13945.0	0
scf7180000028638	5901	0.3589	0	62.608	Ascomycota	10730.0	0
scf7180000028639	10104	0.3845	20	38.127	Ascomycota	9618.0	0
scf7180000028640	19221	0.3868	140	40.893	Ascomycota	9622.0	0
scf7180000028641	5309	0.3794	0	25.842	Ascomycota	9804.0	0
scf7180000028642	5137	0.3566	0	30.222	Ascomycota	9481.0	0
scf7180000028643	7126	0.3694	20	27.769	Ascomycota	10290.0	0
scf7180000028644	3981	0.361	0	33.523	Ascomycota	7336.0	0
scf7180000028645	4331	0.3523	0	36.262	Ascomycota	7987.0	0
scf7180000028646	4704	0.3863	0	32.559	Ascomycota	8682.0	0
scf7180000028647	3623	0.3665	0	29.481	Ascomycota	6691.0	0
scf7180000028648	2993	0.3779	0	32.211	Ascomycota	5522.0	0
scf7180000028649	3899	0.3875	0	28.869	Ascomycota	7201.0	0
scf7180000028650	3353	0.3761	0	34.71	Ascomycota	6187.0	0
scf7180000028651	5887	0.4208	20	28.144	Ascomycota	10789.0	0
scf7180000028652	5930	0.4003	0	31.543	Ascomycota	10900.0	0
scf7180000028653	3812	0.3709	0	26.033	Ascomycota	7040.0	0
scf7180000028654	4973	0.3559	0	21.908	Ascomycota	9156.0	0
scf7180000028655	3391	0.4078	0	26.48	Ascomycota	6263.0	0
scf7180000028656	3499	0.3793	0	30.18	Ascomycota	6462.0	0
scf7180000028657	2698	0.407	0	27.837	Ascomycota	4972.0	0
scf7180000028658	3218	0.3636	0	29.188	Ascomycota	5943.0	0
scf7180000028659	3128	0.3724	0	27.228	Ascomycota	5777.0	0
scf7180000028660	3303	0.3639	0	26.947	Ascomycota	6089.0	0
scf7180000028661	2912	0.385	0	27.205	Ascomycota	5367.0	0
scf7180000028662	3042	0.3705	0	27.499	Ascomycota	5524.0	0
scf7180000028663	8124	0.3999	0	29.377	Ascomycota	14975.0	0
scf7180000028664	2847	0.4166	0	27.874	Ascomycota	5195.0	0
scf7180000028665	4091	0.3891	0	43.931	Ascomycota	7107.0	0
scf7180000028666	11974	0.3686	20	32.079	Ascomycota	19588.0	0
scf7180000028667	2449	0.3806	0	21.697	Ascomycota	4523.0	0
scf7180000028668	2555	0.335	0	26.402	Ascomycota	4686.0	0
scf7180000028669	5465	0.3566	0	21.385	Ascomycota	10076.0	0
scf7180000028670	2266	0.3941	0	35.782	Ascomycota	4163.0	0
scf7180000028671	2921	0.3985	0	34.843	Ascomycota	5389.0	0
scf7180000028672	22108	0.395	140	30.302	Ascomycota	13723.0	0