## blobtools v1.0
## assembly	: /home/amir/gasp/celera_assemblies/424.mer22.scf.fasta
## coverage	: bam0 - /home/amir/gasp/mapping/424_celera_22.bam
## taxonomy	: tax0 - /home/amir/gasp/blast/424_celera_22.txt
## nodesDB	: /home/amir/gasp/blobtools/data/nodesDB.txt
## taxrule	: bestsum
## min_score	: 0.0
## min_diff	: 0.0
## tax_collision_random	: False
##
# name	length	GC	N	bam0	phylum.t.6	phylum.s.7	phylum.c.8
scf7180000231399	8749	0.3919	20	132.928	Ascomycota	13777.0	0
scf7180000231400	4874	0.3929	0	185.757	Ascomycota	8990.0	0
scf7180000231401	6528	0.3838	20	111.11	Ascomycota	10080.0	0
scf7180000231402	4258	0.3802	0	295.89	Firmicutes	7620.0	0
scf7180000231403	7210	0.3968	40	179.703	Ascomycota	7184.0	0
scf7180000231404	6966	0.4473	40	194.096	Ascomycota	6656.0	0
scf7180000231405	9562	0.3899	40	209.823	Ascomycota	8436.0	0
scf7180000231406	3901	0.3802	0	131.898	Ascomycota	7204.0	0
scf7180000231407	4755	0.4097	20	163.563	Ascomycota	6695.0	0
scf7180000231408	4408	0.3877	0	93.585	Ascomycota	8135.0	0
scf7180000231409	10566	0.4023	120	184.449	Ascomycota	10277.0	0
scf7180000231410	3252	0.3622	0	343.212	Firmicutes	5867.0	0
scf7180000231411	3595	0.3675	0	124.652	Ascomycota	6606.0	0
scf7180000231412	3191	0.3924	0	152.271	Ascomycota	5893.0	0
scf7180000231413	4458	0.3531	20	191.781	Firmicutes	5539.0	0
scf7180000231414	3800	0.4087	0	98.198	Ascomycota	6953.0	0
scf7180000231415	3293	0.3699	0	127.076	Ascomycota	6076.0	0
scf7180000231416	7113	0.359	60	160.992	Ascomycota	5328.0	0
scf7180000231417	3560	0.3882	0	103.36	Ascomycota	6575.0	0
scf7180000231418	2988	0.3568	0	440.457	Firmicutes	5380.0	0
scf7180000231419	3564	0.3663	20	921.222	Firmicutes	4198.0	0
scf7180000231420	5877	0.386	20	104.661	Ascomycota	10593.0	0
scf7180000231421	6908	0.4111	20	81.002	Ascomycota	12482.0	0
scf7180000231422	3016	0.4042	0	122.328	Ascomycota	5559.0	0
scf7180000231423	1085	0.3954	0	110.403	Ascomycota	2004.0	0
scf7180000231424	2581	0.4583	0	144.322	Ascomycota	4756.0	0
scf7180000231425	5635	0.4622	40	123.994	Ascomycota	5123.0	0
scf7180000231426	2378	0.4184	0	173.156	Ascomycota	4392.0	0
scf7180000231427	3001	0.4045	0	82.732	Ascomycota	5537.0	0
scf7180000231428	2738	0.4543	0	98.047	Ascomycota	5027.0	0
scf7180000231429	4697	0.3697	20	77.959	Ascomycota	5755.0	0
scf7180000231430	2635	0.3905	0	113.412	Ascomycota	4795.0	0
scf7180000231431	3668	0.3728	20	124.282	Ascomycota	6645.0	0
scf7180000231432	4863	0.3715	20	133.605	Ascomycota	4643.0	0
scf7180000231433	12235	0.4207	180	263.56	Ascomycota	6905.0	0
scf7180000231434	3131	0.3791	0	85.061	Ascomycota	5755.0	0
scf7180000231435	6062	0.3691	40	132.694	Ascomycota	6868.0	0
scf7180000231436	2176	0.3842	0	182.644	Ascomycota	4013.0	0
scf7180000231437	6250	0.3878	20	184.124	Ascomycota	7673.0	0
scf7180000231438	2329	0.4371	0	137.417	Ascomycota	4301.0	0
scf7180000231439	2420	0.395	0	138.993	Ascomycota	4446.0	0
scf7180000231440	9730	0.3484	60	283.266	Firmicutes	4783.0	0
scf7180000231441	4645	0.443	40	120.587	Ascomycota	8342.0	0
scf7180000231442	2468	0.3764	0	130.526	Ascomycota	4547.0	0
scf7180000231443	3243	0.2825	0	303.752	Firmicutes	5989.0	0
scf7180000231444	4505	0.4098	20	167.221	Ascomycota	5107.0	0
scf7180000231445	2221	0.3584	0	152.421	Ascomycota	4089.0	0
scf7180000231446	3523	0.4122	20	112.135	Ascomycota	4364.0	0
scf7180000231447	2079	0.3963	0	186.566	Ascomycota	3840.0	0
scf7180000231448	2211	0.4034	0	139.219	Ascomycota	4084.0	0
scf7180000231449	2342	0.3804	0	120.858	Ascomycota	4320.0	0
scf7180000231450	4034	0.3568	40	97.939	Ascomycota	7193.0	0
scf7180000231451	5050	0.433	20	147.261	Ascomycota	9195.0	0
scf7180000231452	2779	0.3782	0	82.698	Ascomycota	5127.0	0
scf7180000231453	3937	0.4225	20	124.372	Ascomycota	7142.0	0
scf7180000231454	7300	0.3734	80	92.699	Ascomycota	8419.0	0
scf7180000231455	2276	0.2768	0	211.725	Firmicutes	4198.0	0
scf7180000231456	5074	0.3918	20	161.945	Ascomycota	9238.0	0
scf7180000231457	2382	0.3896	0	120.653	Ascomycota	4366.0	0
scf7180000231458	2195	0.3508	0	163.923	Firmicutes	3986.0	0
scf7180000231459	2138	0.3639	0	283.652	Firmicutes	3821.0	0
scf7180000231460	2222	0.3987	0	132.711	Ascomycota	4093.0	0
scf7180000231461	2308	0.3245	0	179.925	Firmicutes	4135.0	0
scf7180000231462	4109	0.3986	20	162.999	Ascomycota	7459.0	0
scf7180000231463	2128	0.3938	0	130.696	Ascomycota	3930.0	0
scf7180000231464	2470	0.4182	0	90.828	Ascomycota	4562.0	0
scf7180000231465	2167	0.3876	0	136.713	Ascomycota	3997.0	0
scf7180000231466	1946	0.4116	0	160.72	Ascomycota	3589.0	0
scf7180000231467	3058	0.4003	20	175.952	Ascomycota	3542.0	0
scf7180000231468	2400	0.3667	0	139.535	Ascomycota	4373.0	0
scf7180000231469	2039	0.3678	0	193.313	Ascomycota	3766.0	0
scf7180000231470	5853	0.3496	40	223.377	Firmicutes	6826.0	0
scf7180000231471	3742	0.3603	20	924.502	Ascomycota	6482.0	0
scf7180000231472	3779	0.3911	20	87.938	Ascomycota	4619.0	0
scf7180000231473	5592	0.3516	60	229.673	Firmicutes	6355.0	0
scf7180000231474	2002	0.4086	0	144.401	Ascomycota	3698.0	0
scf7180000231475	1978	0.3893	0	134.996	Ascomycota	3648.0	0
scf7180000231476	2406	0.384	0	89.126	Ascomycota	4438.0	0
scf7180000231477	3293	0.3874	20	137.593	Ascomycota	5930.0	0
scf7180000231478	1861	0.3939	0	158.988	Ascomycota	3421.0	0
scf7180000231479	1752	0.3995	0	193.296	Ascomycota	3236.0	0
scf7180000231480	2056	0.4052	0	134.046	Ascomycota	3797.0	0
scf7180000231481	3345	0.3889	20	96.526	Ascomycota	4233.0	0
scf7180000231482	1936	0.4225	0	140.788	Ascomycota	2765.0	0
scf7180000231483	2072	0.3851	0	115.33	Ascomycota	3827.0	0
scf7180000231484	2428	0.3826	0	82.189	Ascomycota	4462.0	0
scf7180000231485	1845	0.3919	0	145.829	Ascomycota	3408.0	0
scf7180000231486	1785	0.358	0	327.06	Firmicutes	3225.0	0
scf7180000231487	1948	0.3275	0	245.511	Firmicutes	3509.0	0
scf7180000231488	1939	0.3239	0	400.267	Firmicutes	3515.0	0
scf7180000231489	2867	0.4088	0	55.503	Ascomycota	5284.0	0
scf7180000231490	1774	0.4087	0	164.14	Ascomycota	3271.0	0
scf7180000231491	2261	0.3375	0	194.092	Firmicutes	4060.0	0
scf7180000231492	1704	0.4043	0	185.651	Ascomycota	3131.0	0
scf7180000231493	3118	0.3693	20	114.846	Ascomycota	3699.0	0
scf7180000231494	1657	0.3881	0	173.188	Ascomycota	3044.0	0
scf7180000231495	2106	0.3742	0	111.21	Ascomycota	3890.0	0
scf7180000231496	1807	0.3365	0	358.213	Firmicutes	3299.0	0
scf7180000231497	1851	0.4106	0	132.368	Ascomycota	3408.0	0
scf7180000231498	1857	0.385	0	135.579	Ascomycota	3413.0	0
scf7180000231499	5844	0.4201	40	52.131	Ascomycota	4612.0	0
scf7180000231500	1874	0.3682	0	170.742	Ascomycota	3461.0	0
scf7180000231501	3238	0.3316	20	234.249	Ascomycota	3014.0	0
scf7180000231502	1789	0.3661	0	162.468	Ascomycota	3304.0	0
scf7180000231503	1799	0.3369	0	174.217	Firmicutes	3278.0	0
scf7180000231504	3038	0.4228	20	137.268	Ascomycota	5445.0	0
scf7180000231505	1681	0.4093	0	168.818	Ascomycota	3105.0	0
scf7180000231506	1847	0.3887	0	134.607	Ascomycota	3389.0	0
scf7180000231507	2528	0.4146	0	75.375	Ascomycota	4663.0	0
scf7180000231508	2098	0.4523	0	90.394	Ascomycota	3875.0	0
scf7180000231509	3531	0.371	40	140.025	Ascomycota	6279.0	0
scf7180000231510	2239	0.5056	0	70.265	Ascomycota	4135.0	0
scf7180000231511	6235	0.3851	60	126.332	Ascomycota	11138.0	0
scf7180000231512	3308	0.3842	60	135.786	Ascomycota	3066.0	0
scf7180000231513	2327	0.3885	0	72.248	Ascomycota	4292.0	0
scf7180000231514	1660	0.3301	0	209.807	Ascomycota	3061.0	0
scf7180000231515	1723	0.3691	0	142.129	Ascomycota	3182.0	0
scf7180000231516	1920	0.3911	0	110.228	Ascomycota	3535.0	0
scf7180000231517	3934	0.3588	40	91.167	Ascomycota	7014.0	0
scf7180000231518	6174	0.4095	40	101.413	Ascomycota	11156.0	0
scf7180000231519	2085	0.3914	0	85.029	Ascomycota	3851.0	0
scf7180000231520	2145	0.4182	0	83.116	Ascomycota	3962.0	0
scf7180000231521	4797	0.3544	40	162.373	Firmicutes	5409.0	0
scf7180000231522	2357	0.3759	0	67.007	Ascomycota	4298.0	0
scf7180000231523	6394	0.3745	60	59.223	Ascomycota	4510.0	0
scf7180000231524	1679	0.3871	0	138.285	Ascomycota	3101.0	0
scf7180000231525	1603	0.3993	0	166.054	Ascomycota	2961.0	0
scf7180000231526	6823	0.3818	120	106.065	Ascomycota	4202.0	0
scf7180000231527	1891	0.3882	0	107.081	Ascomycota	3493.0	0
scf7180000231528	1545	0.3806	0	646.339	Firmicutes	2804.0	0
scf7180000231529	2288	0.3977	0	75.626	Ascomycota	4220.0	0
scf7180000231530	3478	0.4098	20	118.877	Ascomycota	3962.0	0
scf7180000231531	1793	0.3542	0	240.724	Firmicutes	3278.0	0
scf7180000231532	1879	0.3321	0	148.103	Firmicutes	3144.0	0
scf7180000231533	1792	0.4442	0	96.182	Ascomycota	3304.0	0
scf7180000231534	1429	0.4801	0	213.09	Ascomycota	2623.0	0
scf7180000231535	8869	0.3493	80	241.746	Firmicutes	11912.0	0
scf7180000231536	1801	0.3448	0	165.441	Firmicutes	3195.0	0
scf7180000231537	6303	0.4253	60	130.463	Ascomycota	6588.0	0
scf7180000231538	3191	0.2809	40	217.711	Firmicutes	3127.0	0
scf7180000231539	1692	0.4232	0	130.815	Ascomycota	3125.0	0
scf7180000231540	3146	0.3836	20	176.134	Ascomycota	3134.0	0
scf7180000231541	2158	0.4036	0	68.308	Ascomycota	3980.0	0
scf7180000231542	1458	0.3368	0	172.527	Firmicutes	2632.0	0
scf7180000231543	2863	0.3514	20	333.867	Firmicutes	4924.0	0
scf7180000231544	7214	0.4182	40	162.174	Ascomycota	9491.0	0
scf7180000231545	1684	0.4305	0	117.17	Ascomycota	3105.0	0
scf7180000231546	1588	0.2664	0	239.487	Firmicutes	2933.0	0
scf7180000231547	3597	0.3959	20	83.117	Ascomycota	3546.0	0
scf7180000231548	20772	0.426	100	109.139	Ascomycota	8850.0	0
scf7180000231549	1628	0.3366	0	179.826	Firmicutes	2918.0	0
scf7180000231550	1622	0.4143	0	121.547	Ascomycota	2996.0	0
scf7180000231551	1523	0.388	0	133.02	Ascomycota	2808.0	0
scf7180000231552	2359	0.3955	0	83.908	Ascomycota	4351.0	0
scf7180000231553	1592	0.3455	0	234.763	Firmicutes	2863.0	0
scf7180000231554	2950	0.3962	20	109.837	Ascomycota	3007.0	0
scf7180000231555	1341	0.352	0	323.43	Firmicutes	2427.0	0
scf7180000231556	1391	0.3724	0	258.809	Ascomycota	2558.0	0
scf7180000231557	7168	0.418	80	93.45	Ascomycota	9472.0	0
scf7180000231558	1548	0.3495	0	176.496	Firmicutes	2765.0	0
scf7180000231559	3491	0.4106	40	88.434	Ascomycota	3675.0	0
scf7180000231560	2865	0.4397	20	147.153	Ascomycota	2658.0	0
scf7180000231561	8878	0.418	60	134.127	Ascomycota	13226.0	0
scf7180000231562	1837	0.3478	0	114.837	Firmicutes	3238.0	0
scf7180000231563	1425	0.3579	0	158.096	Ascomycota	2632.0	0
scf7180000231564	1358	0.3873	0	220.563	Ascomycota	2508.0	0
scf7180000231565	1361	0.2924	0	254.834	Firmicutes	2514.0	0
scf7180000231566	6795	0.3853	80	152.493	Ascomycota	4577.0	0
scf7180000231567	4745	0.4943	60	127.058	Ascomycota	3158.0	0
scf7180000231568	1837	0.3898	0	83.637	Ascomycota	3387.0	0
scf7180000231569	5257	0.3685	60	97.573	Ascomycota	7143.0	0
scf7180000231570	4185	0.3765	20	92.211	Ascomycota	7590.0	0
scf7180000231571	1614	0.4095	0	115.945	Ascomycota	2981.0	0
scf7180000231572	6331	0.4096	0	89.046	Ascomycota	11681.0	0
scf7180000231573	1806	0.3937	0	89.507	Ascomycota	3336.0	0
scf7180000231574	1597	0.459	0	134.949	Ascomycota	2939.0	0
scf7180000231575	1289	0.4352	0	213.908	Ascomycota	2381.0	0
scf7180000231576	4318	0.4121	40	102.862	Ascomycota	3988.0	0
scf7180000231577	2629	0.3384	20	269.58	Firmicutes	4628.0	0
scf7180000231578	2929	0.4393	20	94.492	Ascomycota	5276.0	0
scf7180000231579	7248	0.366	60	122.399	Ascomycota	7234.0	0
scf7180000231580	1379	0.3648	0	187.957	Ascomycota	2542.0	0
scf7180000231581	1324	0.4169	0	180.774	Ascomycota	2446.0	0
scf7180000231582	1532	0.4778	0	118.567	Ascomycota	2830.0	0
scf7180000231583	1632	0.4583	0	113.151	Ascomycota	3014.0	0
scf7180000231584	5170	0.3963	20	59.152	Ascomycota	9435.0	0
scf7180000231585	5371	0.3777	100	98.204	Ascomycota	3607.0	0
scf7180000231586	1333	0.3548	0	201.343	Firmicutes	2233.0	0
scf7180000231587	1694	0.4055	0	92.568	Ascomycota	3129.0	0
scf7180000231588	1735	0.5141	0	85.474	Ascomycota	3205.0	0
scf7180000231589	2237	0.4001	0	56.44	Ascomycota	4132.0	0
scf7180000231590	1505	0.4007	0	145.066	Ascomycota	2780.0	0
scf7180000231591	1350	0.3126	0	265.85	Firmicutes	2494.0	0
scf7180000231592	1370	0.3635	0	369.157	Firmicutes	2470.0	0
scf7180000231593	1836	0.3818	0	87.177	Ascomycota	3386.0	0
scf7180000231594	3754	0.3931	40	113.5	Ascomycota	6656.0	0
scf7180000231595	2567	0.4346	20	101.248	Ascomycota	2802.0	0
scf7180000231596	1983	0.413	0	69.096	Ascomycota	3657.0	0
scf7180000231597	1667	0.3851	0	89.715	Ascomycota	3079.0	0
scf7180000231598	2381	0.4082	0	74.985	Ascomycota	4397.0	0
scf7180000231599	5323	0.4492	20	84.349	Ascomycota	9679.0	0
scf7180000231600	8510	0.3766	100	170.694	Ascomycota	9180.0	0
scf7180000231601	1290	0.362	0	199.502	Firmicutes	2322.0	0
scf7180000231602	6731	0.3158	100	133.356	Firmicutes	3651.0	0
scf7180000231603	1302	0.3925	0	191.021	Ascomycota	2405.0	0
scf7180000231604	4336	0.4064	20	138.058	Ascomycota	5053.0	0
scf7180000231605	7370	0.3356	60	212.826	Firmicutes	4222.0	0
scf7180000231606	1520	0.3954	0	106.877	Ascomycota	2808.0	0
scf7180000231607	1356	0.3717	0	154.434	Ascomycota	2505.0	0
scf7180000231608	1073	0.3896	0	122.615	Ascomycota	1977.0	0
scf7180000231609	1424	0.4249	0	139.735	Ascomycota	2614.0	0
scf7180000231610	1518	0.3445	0	350.945	Firmicutes	2771.0	0
scf7180000231611	3379	0.3615	40	157.225	Ascomycota	3055.0	0
scf7180000231612	1340	0.3649	0	145.596	Ascomycota	2475.0	0
scf7180000231613	3086	0.4094	40	95.982	Ascomycota	2874.0	0
scf7180000231614	1748	0.2649	0	176.657	Firmicutes	3223.0	0
scf7180000231615	1659	0.3677	0	100.183	Ascomycota	3053.0	0
scf7180000231616	1657	0.4273	0	76.679	Ascomycota	3061.0	0
scf7180000231617	2937	0.3675	20	486.728	Firmicutes	2868.0	0
scf7180000231618	4826	0.3848	60	75.797	Ascomycota	5406.0	0
scf7180000231619	1282	0.408	0	136.688	Ascomycota	2368.0	0
scf7180000231620	1373	0.4042	0	139.998	Ascomycota	2503.0	0
scf7180000231621	3302	0.3826	40	72.467	Ascomycota	3585.0	0
scf7180000231622	1835	0.3668	0	69.822	Ascomycota	3389.0	0
scf7180000231623	1745	0.4521	0	72.726	Ascomycota	3223.0	0
scf7180000231624	3488	0.3772	20	57.148	Ascomycota	3205.0	0
scf7180000231625	3160	0.4111	20	91.565	Ascomycota	5757.0	0
scf7180000231626	2632	0.3457	20	212.991	Firmicutes	2804.0	0
scf7180000231627	1379	0.409	0	190.323	Ascomycota	2547.0	0
scf7180000231628	2082	0.3742	0	112.449	Ascomycota	3840.0	0
scf7180000231629	1574	0.3615	0	99.36	Ascomycota	2907.0	0
scf7180000231630	1940	0.3567	0	63.511	Ascomycota	3583.0	0
scf7180000231631	1834	0.4079	0	69.465	Ascomycota	3387.0	0
scf7180000231632	1496	0.4037	0	97.718	Ascomycota	2763.0	0
scf7180000231633	1196	0.4298	0	205.957	Ascomycota	2209.0	0
scf7180000231634	1344	0.346	0	211.057	Firmicutes	2455.0	0
scf7180000231635	1399	0.2738	0	205.316	Firmicutes	2584.0	0
scf7180000231636	1313	0.3542	0	144.775	Firmicutes	2338.0	0
scf7180000231637	1958	0.4351	0	68.532	Ascomycota	3594.0	0
scf7180000231638	1894	0.453	0	67.513	Ascomycota	3498.0	0
scf7180000231639	1403	0.335	0	191.769	Firmicutes	2536.0	0
scf7180000231640	2211	0.3632	0	53.699	Ascomycota	4067.0	0
scf7180000231641	7758	0.38	80	68.083	Ascomycota	4000.0	0
scf7180000231642	1606	0.3238	0	102.155	Firmicutes	2579.0	0
scf7180000231643	1336	0.3608	0	147.087	Firmicutes	2381.0	0
scf7180000231644	1333	0.3428	0	200.998	Firmicutes	2407.0	0
scf7180000231645	1288	0.3967	0	131.244	Ascomycota	2374.0	0
scf7180000231646	1355	0.2797	0	156.511	Firmicutes	2503.0	0
scf7180000231647	1506	0.3566	0	107.124	Ascomycota	2782.0	0
scf7180000231648	1854	0.4666	0	58.04	Ascomycota	3419.0	0
scf7180000231649	1207	0.3927	0	185.031	Ascomycota	2230.0	0
scf7180000231650	1869	0.4077	0	55.255	Ascomycota	3452.0	0
scf7180000231651	4452	0.3409	40	239.501	Firmicutes	3269.0	0
scf7180000231652	3378	0.3621	20	93.061	Ascomycota	3201.0	0
scf7180000231653	1708	0.3712	0	84.403	Ascomycota	3144.0	0
scf7180000231654	1583	0.4138	0	83.507	Ascomycota	2896.0	0
scf7180000231655	1808	0.3916	0	72.631	Ascomycota	3339.0	0
scf7180000231656	1451	0.4659	0	101.444	Ascomycota	2675.0	0
scf7180000231657	3787	0.4513	40	96.287	Ascomycota	4863.0	0
scf7180000231658	1344	0.3601	0	193.694	Firmicutes	2455.0	0
scf7180000231659	1690	0.4077	0	65.925	Ascomycota	3116.0	0
scf7180000231660	1375	0.4567	0	122.429	Ascomycota	2540.0	0
scf7180000231661	1913	0.46	0	56.189	Ascomycota	3528.0	0
scf7180000231662	2649	0.3971	20	98.107	Ascomycota	2665.0	0
scf7180000231663	1358	0.3586	0	385.129	Firmicutes	2481.0	0
scf7180000231664	4194	0.3412	20	81.121	Ascomycota	4833.0	0
scf7180000231665	5197	0.3711	20	96.014	Ascomycota	9468.0	0
scf7180000231666	1394	0.3659	0	112.365	Ascomycota	2569.0	0
scf7180000231667	1205	0.4083	0	154.388	Ascomycota	2226.0	0
scf7180000231668	1471	0.3889	0	98.207	Ascomycota	2717.0	0
scf7180000231669	4422	0.398	20	47.316	Ascomycota	4124.0	0
scf7180000231670	1732	0.4209	0	64.743	Ascomycota	3182.0	0
scf7180000231671	1321	0.349	0	282.039	Firmicutes	2401.0	0
scf7180000231672	1522	0.3515	0	99.984	Ascomycota	2811.0	0
scf7180000231673	1381	0.3331	0	191.695	Firmicutes	2462.0	0
scf7180000231674	5041	0.3993	40	86.961	Ascomycota	5723.0	0
scf7180000231675	2181	0.3558	0	202.103	Firmicutes	3967.0	0
scf7180000231676	2754	0.3475	40	163.211	Firmicutes	2447.0	0
scf7180000231677	1514	0.3983	20	86.899	Ascomycota	2623.0	0
scf7180000231678	1285	0.3424	0	146.54	Ascomycota	2374.0	0
scf7180000231679	1261	0.3592	0	150.11	Ascomycota	2329.0	0
scf7180000231680	1136	0.3732	0	166.703	Ascomycota	2098.0	0
scf7180000231681	1417	0.3952	0	112.885	Ascomycota	2612.0	0
scf7180000231682	4537	0.4085	40	64.408	Ascomycota	5424.0	0
scf7180000231683	1468	0.4183	0	77.388	Ascomycota	2712.0	0
scf7180000231684	5892	0.3789	20	100.974	Ascomycota	8294.0	0
scf7180000231685	2001	0.4138	0	48.907	Ascomycota	3696.0	0
scf7180000231686	1449	0.4189	0	90.629	Ascomycota	2676.0	0
scf7180000231687	1273	0.4156	0	133.93	Ascomycota	2346.0	0
scf7180000231688	1194	0.3819	0	151.447	Ascomycota	2200.0	0
scf7180000231689	1623	0.4017	0	74.11	Ascomycota	2992.0	0
scf7180000231690	1306	0.4694	0	113.378	Ascomycota	2412.0	0
scf7180000231691	1436	0.4074	0	100.343	Ascomycota	2641.0	0
scf7180000231692	1866	0.4041	0	54.22	Ascomycota	3446.0	0
scf7180000231693	1241	0.4061	0	121.549	Ascomycota	2281.0	0
scf7180000231694	1309	0.4034	0	128.318	Ascomycota	2418.0	0
scf7180000231695	3078	0.414	20	64.198	Ascomycota	2963.0	0
scf7180000231696	1391	0.353	0	265.077	Firmicutes	2481.0	0
scf7180000231697	1338	0.3438	0	422.357	Firmicutes	2416.0	0
scf7180000231698	1329	0.3409	0	250.378	Firmicutes	2433.0	0
scf7180000231699	1128	0.4122	0	149.697	Ascomycota	2078.0	0
scf7180000231700	1343	0.3984	0	104.556	Ascomycota	2481.0	0
scf7180000231701	1279	0.4066	0	111.599	Ascomycota	2362.0	0
scf7180000231702	1091	0.385	0	204.939	Ascomycota	2006.0	0
scf7180000231703	1952	0.3893	0	51.492	Ascomycota	3605.0	0
scf7180000231704	1629	0.4696	0	71.05	Ascomycota	3009.0	0
scf7180000231705	1704	0.4407	0	57.715	Ascomycota	3147.0	0
scf7180000231706	2308	0.3453	20	148.841	Firmicutes	2078.0	0
scf7180000231707	1009	0.4024	0	219.748	Ascomycota	1864.0	0
scf7180000231708	1199	0.3645	0	182.266	Ascomycota	2215.0	0
scf7180000231709	2014	0.2284	0	320.269	Ascomycota	3720.0	0
scf7180000231710	6753	0.3514	40	159.157	Firmicutes	8645.0	0
scf7180000231711	1850	0.4443	0	46.582	Ascomycota	3400.0	0
scf7180000231712	1203	0.4347	0	128.567	Ascomycota	2222.0	0
scf7180000231713	1041	0.366	0	681.762	Firmicutes	1873.0	0
scf7180000231714	2451	0.3834	20	93.586	Ascomycota	4420.0	0
scf7180000231715	1461	0.4079	0	86.092	Ascomycota	2699.0	0
scf7180000231716	1164	0.366	0	263.305	Firmicutes	2084.0	0
scf7180000231717	1733	0.3832	0	55.12	Ascomycota	3201.0	0
scf7180000231718	1733	0.3814	0	59.583	Ascomycota	3201.0	0
scf7180000231719	3176	0.4005	20	160.012	Ascomycota	3666.0	0
scf7180000231720	1109	0.3607	0	200.532	Viruses-undef	1993.0	0
scf7180000231721	1191	0.3476	0	229.767	Firmicutes	2139.0	0
scf7180000231722	1517	0.35	0	78.339	Ascomycota	2802.0	0
scf7180000231723	1092	0.3553	0	196.839	Firmicutes	1951.0	0
scf7180000231724	1185	0.4363	0	132.279	Ascomycota	2189.0	0
scf7180000231725	1339	0.3428	0	137.358	Firmicutes	2394.0	0
scf7180000231726	3143	0.3823	20	107.195	Ascomycota	5662.0	0
scf7180000231727	1681	0.3813	0	58.807	Ascomycota	3105.0	0
scf7180000231728	1502	0.263	0	800.128	Ascomycota	2774.0	0
scf7180000231729	6689	0.3992	60	132.183	Ascomycota	11984.0	0
scf7180000231730	5682	0.4237	20	89.143	Ascomycota	10224.0	0
scf7180000231731	1462	0.3714	0	72.603	Ascomycota	2700.0	0
scf7180000231732	1330	0.3534	0	99.392	Ascomycota	2457.0	0
scf7180000231733	1624	0.3651	0	62.1	Ascomycota	2983.0	0
scf7180000231734	1248	0.4127	0	107.701	Ascomycota	2305.0	0
scf7180000231735	1306	0.3821	0	93.512	Ascomycota	2412.0	0
scf7180000231736	1318	0.3263	0	143.796	Firmicutes	2329.0	0
scf7180000231737	1381	0.3722	0	83.972	Ascomycota	2551.0	0
scf7180000231738	7339	0.3738	60	102.465	Ascomycota	13260.0	0
scf7180000231739	1233	0.2912	0	270.607	Firmicutes	2278.0	0
scf7180000231740	1134	0.3466	0	526.213	Firmicutes	2084.0	0
scf7180000231741	1276	0.3856	0	98.33	Ascomycota	2357.0	0
scf7180000231742	1519	0.4213	0	66.984	Ascomycota	2806.0	0
scf7180000231743	1211	0.3609	0	195.415	Firmicutes	2215.0	0
scf7180000231744	1403	0.3321	0	176.267	Firmicutes	2547.0	0
scf7180000231745	1663	0.3987	0	60.83	Ascomycota	3061.0	0
scf7180000231746	1196	0.4105	0	113.61	Ascomycota	2204.0	0
scf7180000231747	1164	0.3866	0	129.713	Ascomycota	2150.0	0
scf7180000231748	1504	0.377	0	75.273	Ascomycota	2778.0	0
scf7180000231749	1146	0.3691	0	164.596	Viruses-undef	1581.0	0
scf7180000231750	1005	0.4259	0	170.703	Ascomycota	1834.0	0
scf7180000231751	2381	0.3414	20	405.739	Firmicutes	2348.0	0
scf7180000231752	1047	0.341	0	177.24	Firmicutes	1884.0	0
scf7180000231753	1130	0.3265	0	150.188	Firmicutes	1999.0	0
scf7180000231754	1105	0.4244	0	131.735	Ascomycota	2036.0	0
scf7180000231755	1862	0.4114	0	45.422	Ascomycota	3422.0	0
scf7180000231756	2005	0.4444	0	42.694	Ascomycota	3703.0	0
scf7180000231757	3700	0.3414	0	181.015	Firmicutes	6612.0	0
scf7180000231758	3720	0.3968	20	77.836	Ascomycota	4261.0	0
scf7180000231759	4754	0.3239	40	143.92	Firmicutes	4017.0	0
scf7180000231760	1019	0.4073	0	174.936	Ascomycota	1882.0	0
scf7180000231761	1863	0.3843	0	46.707	Ascomycota	3441.0	0
scf7180000231762	1254	0.3549	0	197.581	Firmicutes	2294.0	0
scf7180000231763	1216	0.3479	0	286.429	Firmicutes	2218.0	0
scf7180000231764	1032	0.3517	0	422.386	Firmicutes	1879.0	0
scf7180000231765	1458	0.4355	0	66.34	Ascomycota	2643.0	0
scf7180000231766	3814	0.4349	20	72.619	Ascomycota	6914.0	0
scf7180000231767	5708	0.3816	40	99.303	Ascomycota	7960.0	0
scf7180000231768	3886	0.3378	40	256.073	Firmicutes	4713.0	0
scf7180000231769	1252	0.3986	0	101.253	Ascomycota	2307.0	0
scf7180000231770	4330	0.3578	40	79.472	Ascomycota	3079.0	0
scf7180000231771	1119	0.3423	0	179.438	Firmicutes	2023.0	0
scf7180000231772	1699	0.4303	0	50.576	Ascomycota	3133.0	0
scf7180000231773	1837	0.417	0	40.637	Ascomycota	3382.0	0
scf7180000231774	2794	0.3302	20	255.394	Firmicutes	3061.0	0
scf7180000231775	1449	0.3699	0	63.384	Ascomycota	2671.0	0
scf7180000231776	1816	0.4273	0	40.335	Ascomycota	3321.0	0
scf7180000231777	1080	0.3546	0	244.902	Firmicutes	1956.0	0
scf7180000231778	1759	0.4201	0	53.68	Ascomycota	3249.0	0
scf7180000231779	1230	0.3472	0	120.857	Firmicutes	2217.0	0
scf7180000231780	1262	0.3582	0	98.248	Ascomycota	2331.0	0
scf7180000231781	1538	0.3927	0	57.08	Ascomycota	2841.0	0
scf7180000231782	1048	0.4628	0	133.995	Ascomycota	1936.0	0
scf7180000231783	1267	0.3836	0	84.997	Ascomycota	2340.0	0
scf7180000231784	2308	0.3842	20	108.443	Ascomycota	2137.0	0
scf7180000231785	1235	0.3393	0	124.751	Ascomycota	2281.0	0
scf7180000231786	1772	0.3832	0	43.927	Ascomycota	3273.0	0
scf7180000231787	1044	0.3822	0	116.45	Ascomycota	1929.0	0
scf7180000231788	1031	0.3191	0	182.468	Ascomycota	1905.0	0
scf7180000231789	1445	0.2644	0	252.321	Firmicutes	2656.0	0
scf7180000231790	1188	0.346	0	465.798	Firmicutes	2156.0	0
scf7180000231791	1236	0.3333	0	130.883	Firmicutes	2200.0	0
scf7180000231792	1341	0.3505	0	90.292	Ascomycota	2477.0	0
scf7180000231793	1089	0.3554	0	124.972	Ascomycota	2012.0	0
scf7180000231794	1146	0.3386	0	128.567	Firmicutes	2084.0	0
scf7180000231795	3553	0.4147	20	114.232	Ascomycota	6445.0	0
scf7180000231796	1398	0.3662	0	70.38	Ascomycota	2582.0	0
scf7180000231797	2610	0.451	20	62.887	Ascomycota	4719.0	0
scf7180000231798	1550	0.4271	0	53.01	Ascomycota	2863.0	0
scf7180000231799	1318	0.4196	0	67.129	Ascomycota	2435.0	0
scf7180000231800	6682	0.358	40	171.542	Ascomycota	10189.0	0
scf7180000231801	1179	0.4088	0	117.666	Ascomycota	2172.0	0
scf7180000231802	3914	0.3754	20	159.081	Ascomycota	5101.0	0
scf7180000231803	1690	0.3793	0	46.024	Ascomycota	3110.0	0
scf7180000231804	1021	0.3937	0	120.562	Ascomycota	1886.0	0
scf7180000231805	3191	0.3765	20	83.213	Ascomycota	3286.0	0
scf7180000231806	1480	0.4196	0	60.191	Ascomycota	2734.0	0
scf7180000231807	1166	0.3602	0	102.621	Ascomycota	2154.0	0
scf7180000231808	4087	0.3625	40	117.763	Ascomycota	4150.0	0
scf7180000231809	2899	0.3151	40	184.263	Firmicutes	2285.0	0
scf7180000231810	1014	0.3679	0	145.536	Ascomycota	1873.0	0
scf7180000231811	1685	0.3881	0	43.388	Ascomycota	3112.0	0
scf7180000231812	1127	0.4037	0	100.546	Ascomycota	2082.0	0
scf7180000231813	1318	0.4613	0	76.515	Ascomycota	2429.0	0
scf7180000231814	1412	0.4554	0	58.36	Ascomycota	2603.0	0
scf7180000231815	1120	0.3393	0	138.518	Firmicutes	2002.0	0
scf7180000231816	5808	0.3798	60	88.073	Ascomycota	7119.0	0
scf7180000231817	1142	0.3678	0	132.209	Ascomycota	2109.0	0
scf7180000231818	1199	0.3536	0	312.795	Firmicutes	2176.0	0
scf7180000231819	2610	0.3494	20	432.652	Firmicutes	4527.0	0
scf7180000231820	1049	0.3279	0	187.71	Firmicutes	1921.0	0
scf7180000231821	1132	0.3154	0	128.978	Firmicutes	1825.0	0
scf7180000231822	1599	0.434	0	49.113	Ascomycota	2948.0	0
scf7180000231823	1226	0.3638	0	95.078	Ascomycota	2265.0	0
scf7180000231824	1300	0.4146	0	74.803	Ascomycota	2401.0	0
scf7180000231825	1032	0.3886	0	113.927	Ascomycota	1862.0	0
scf7180000231826	1171	0.4176	0	112.275	Ascomycota	2139.0	0
scf7180000231827	1326	0.4517	0	65.136	Ascomycota	2449.0	0
scf7180000231828	2855	0.3658	20	51.684	Ascomycota	3092.0	0
scf7180000231829	1397	0.4059	0	61.448	Ascomycota	2575.0	0
scf7180000231830	1649	0.4336	0	47.494	Ascomycota	3016.0	0
scf7180000231831	1334	0.3156	0	122.423	Firmicutes	2392.0	0
scf7180000231832	1083	0.3564	0	148.791	Firmicutes	1962.0	0
scf7180000231833	1672	0.387	0	45.907	Ascomycota	3083.0	0
scf7180000231834	1200	0.3142	0	104.638	Firmicutes	2167.0	0
scf7180000231835	1064	0.39	0	96.819	Ascomycota	1960.0	0
scf7180000231836	1099	0.3385	0	125.894	Firmicutes	1958.0	0
scf7180000231837	1072	0.3218	0	148.831	Firmicutes	1947.0	0
scf7180000231838	1135	0.3824	0	98.807	Ascomycota	2091.0	0
scf7180000231839	1019	0.3611	0	136.968	Ascomycota	1871.0	0
scf7180000231840	2680	0.412	20	75.5	Ascomycota	2736.0	0
scf7180000231841	1001	0.4216	0	128.334	Ascomycota	1836.0	0
scf7180000231842	2275	0.3069	20	106.343	Viruses-undef	3906.0	0
scf7180000231843	1008	0.3958	0	111.938	Ascomycota	1857.0	0
scf7180000231844	1561	0.3908	0	52.436	Ascomycota	2867.0	0
scf7180000231845	1153	0.3573	0	102.011	Ascomycota	2130.0	0
scf7180000231846	1252	0.4153	0	64.966	Ascomycota	2313.0	0
scf7180000231847	1065	0.4197	0	98.721	Ascomycota	1967.0	0
scf7180000231848	1571	0.4367	0	50.62	Ascomycota	2891.0	0
scf7180000231849	1549	0.4138	0	49.761	Ascomycota	2856.0	0
scf7180000231850	1293	0.4022	0	63.846	Ascomycota	2388.0	0
scf7180000231851	1393	0.4487	0	61.108	Ascomycota	2567.0	0
scf7180000231852	1244	0.4196	0	70.36	Ascomycota	2281.0	0
scf7180000231853	1173	0.3853	0	78.725	Ascomycota	2167.0	0
scf7180000231854	3849	0.3359	20	254.685	Firmicutes	4951.0	0
scf7180000231855	1470	0.3673	0	56.761	Ascomycota	2715.0	0
scf7180000231856	1087	0.3698	0	106.053	Ascomycota	2002.0	0
scf7180000231857	2999	0.3293	20	667.753	Firmicutes	5313.0	0
scf7180000231858	1009	0.3389	0	119.916	Firmicutes	1797.0	0
scf7180000231859	2327	0.3914	20	74.797	Ascomycota	4213.0	0
scf7180000231860	1048	0.2853	0	226.185	Firmicutes	1652.0	0
scf7180000231861	1546	0.4457	0	51.001	Ascomycota	2856.0	0
scf7180000231862	1395	0.4143	0	72.177	Ascomycota	2577.0	0
scf7180000231863	3913	0.4488	20	85.556	Ascomycota	7108.0	0
scf7180000231864	1171	0.3988	0	85.849	Ascomycota	2141.0	0
scf7180000231865	1117	0.3178	0	111.501	Firmicutes	2030.0	0
scf7180000231866	1270	0.4181	0	74.235	Ascomycota	2346.0	0
scf7180000231867	1373	0.3867	0	52.288	Ascomycota	2525.0	0
scf7180000231868	3144	0.3313	20	127.283	Firmicutes	5299.0	0
scf7180000231869	1252	0.3754	0	74.081	Ascomycota	2313.0	0
scf7180000231870	1123	0.3891	0	106.104	Ascomycota	2043.0	0
scf7180000231871	1191	0.3694	0	74.192	Ascomycota	2200.0	0
scf7180000231872	1385	0.3819	0	68.31	Ascomycota	2558.0	0
scf7180000231873	5451	0.3907	60	71.044	Ascomycota	4944.0	0
scf7180000231874	1194	0.3819	0	76.501	Ascomycota	2206.0	0
scf7180000231875	1226	0.3997	0	73.313	Ascomycota	2248.0	0
scf7180000231876	4397	0.3227	40	137.002	Firmicutes	3993.0	0
scf7180000231877	5821	0.3867	80	62.339	Ascomycota	5384.0	0
scf7180000231878	1266	0.5126	0	63.137	Ascomycota	2322.0	0
scf7180000231879	1439	0.3843	0	50.001	Ascomycota	2652.0	0
scf7180000231880	1314	0.376	0	63.207	Ascomycota	2422.0	0
scf7180000231881	1449	0.4438	0	54.817	Ascomycota	2676.0	0
scf7180000231882	1335	0.406	0	53.963	Ascomycota	2466.0	0
scf7180000231883	1445	0.445	0	52.199	Ascomycota	2669.0	0
scf7180000231884	1667	0.4079	0	36.87	Ascomycota	3079.0	0
scf7180000231885	1497	0.4035	0	47.919	Ascomycota	2765.0	0
scf7180000231886	2936	0.4215	20	87.134	Ascomycota	5228.0	0
scf7180000231887	1490	0.3893	0	42.513	Ascomycota	2752.0	0
scf7180000231888	1027	0.3642	0	113.12	Ascomycota	1897.0	0
scf7180000231889	4292	0.3984	0	64.3	Ascomycota	7926.0	0
scf7180000231890	1228	0.3933	0	65.793	Ascomycota	2268.0	0
scf7180000231891	1419	0.4693	0	45.362	Ascomycota	2593.0	0
scf7180000231892	1556	0.3914	0	44.675	Ascomycota	2868.0	0
scf7180000231893	1256	0.4164	0	58.738	Ascomycota	2298.0	0
scf7180000231894	1140	0.2649	0	166.239	Firmicutes	2100.0	0
scf7180000231895	1071	0.3604	0	258.066	Firmicutes	1956.0	0
scf7180000231896	1150	0.3678	0	178.388	Firmicutes	2074.0	0
scf7180000231897	1119	0.4236	0	75.763	Ascomycota	2067.0	0
scf7180000231898	1390	0.3935	0	51.062	Ascomycota	2562.0	0
scf7180000231899	2282	0.4215	40	83.598	Ascomycota	2063.0	0
scf7180000231900	1218	0.4442	0	57.022	Ascomycota	2239.0	0
scf7180000231901	1232	0.4156	0	58.973	Ascomycota	2276.0	0
scf7180000231902	1073	0.397	0	87.721	Ascomycota	1982.0	0
scf7180000231903	1047	0.4183	0	83.409	Ascomycota	1934.0	0
scf7180000231904	3540	0.452	20	50.722	Ascomycota	6399.0	0
scf7180000231905	2287	0.3317	20	146.605	Firmicutes	2015.0	0
scf7180000231906	3638	0.348	20	71.656	Ascomycota	4623.0	0
scf7180000231907	1245	0.3767	0	55.677	Ascomycota	2300.0	0
scf7180000231908	1355	0.4679	0	54.897	Ascomycota	2497.0	0
scf7180000231909	1551	0.3804	0	43.33	Ascomycota	2859.0	0
scf7180000231910	1163	0.4162	0	74.601	Ascomycota	2148.0	0
scf7180000231911	1288	0.3804	0	54.689	Ascomycota	2379.0	0
scf7180000231912	1639	0.396	0	36.774	Ascomycota	3027.0	0
scf7180000231913	1406	0.394	0	53.528	Ascomycota	2597.0	0
scf7180000231914	1091	0.3538	0	82.217	Ascomycota	2010.0	0
scf7180000231915	3412	0.444	40	70.035	Ascomycota	3651.0	0
scf7180000231916	1121	0.3836	0	70.668	Ascomycota	2071.0	0
scf7180000231917	1107	0.3758	0	89.606	Ascomycota	2045.0	0
scf7180000231918	1236	0.4134	0	54.721	Ascomycota	2272.0	0
scf7180000231919	1691	0.3637	0	46.327	Ascomycota	3123.0	0
scf7180000231920	1060	0.3387	0	278.736	Firmicutes	1925.0	0
scf7180000231921	1021	0.3869	0	76.429	Ascomycota	1886.0	0
scf7180000231922	1114	0.2612	0	133.191	Firmicutes	2052.0	0
scf7180000231923	1827	0.3284	0	122.0	Firmicutes	3236.0	0
scf7180000231924	1183	0.4675	0	54.412	Ascomycota	2174.0	0
scf7180000231925	5139	0.4211	40	71.371	Ascomycota	9199.0	0
scf7180000231926	1106	0.4132	0	73.322	Ascomycota	2043.0	0
scf7180000231927	1248	0.3766	0	75.816	Ascomycota	2305.0	0
scf7180000231928	1236	0.407	0	51.848	Ascomycota	2283.0	0
scf7180000231929	2946	0.4135	20	76.968	Ascomycota	3535.0	0
scf7180000231930	1160	0.4086	0	60.5	Ascomycota	2137.0	0
scf7180000231931	1094	0.33	0	333.03	Firmicutes	1977.0	0
scf7180000231932	2896	0.428	20	48.945	Ascomycota	2791.0	0
scf7180000231933	1411	0.4493	0	44.792	Ascomycota	2606.0	0
scf7180000231934	4332	0.3916	80	90.849	Ascomycota	5515.0	0
scf7180000231935	1438	0.3658	0	49.346	Ascomycota	2656.0	0
scf7180000231936	3774	0.3789	0	44.105	Ascomycota	6964.0	0
scf7180000231937	2778	0.3857	40	61.907	Ascomycota	4891.0	0
scf7180000231938	4837	0.3807	40	49.895	Ascomycota	5500.0	0
scf7180000231939	1397	0.4173	0	48.254	Ascomycota	2580.0	0
scf7180000231940	1390	0.3835	0	44.97	Ascomycota	2492.0	0
scf7180000231941	1467	0.4424	0	42.746	Ascomycota	2693.0	0
scf7180000231942	1485	0.3778	0	42.734	Ascomycota	2737.0	0
scf7180000231943	1224	0.3905	0	59.955	Ascomycota	2261.0	0
scf7180000231944	3446	0.259	40	150.918	Firmicutes	4069.0	0
scf7180000231945	1082	0.3207	0	113.889	Firmicutes	1938.0	0
scf7180000231946	1202	0.4268	0	61.187	Ascomycota	2220.0	0
scf7180000231947	1362	0.4376	0	41.854	Ascomycota	2516.0	0
scf7180000231948	1028	0.3696	0	106.048	Ascomycota	1899.0	0
scf7180000231949	2132	0.379	0	110.067	Ascomycota	3853.0	0
scf7180000231950	1385	0.3841	0	42.299	Ascomycota	2558.0	0
scf7180000231951	1019	0.3719	0	84.095	Ascomycota	1866.0	0
scf7180000231952	1109	0.3463	0	79.298	Firmicutes	2015.0	0
scf7180000231953	1207	0.3935	0	57.592	Ascomycota	2224.0	0
scf7180000231954	1239	0.389	0	58.436	Ascomycota	2289.0	0
scf7180000231955	1541	0.4069	0	35.862	Ascomycota	2841.0	0
scf7180000231956	1020	0.3922	0	73.809	Ascomycota	1879.0	0
scf7180000231957	1483	0.3823	0	39.117	Ascomycota	2734.0	0
scf7180000231958	1050	0.3781	0	74.559	Ascomycota	1940.0	0
scf7180000231959	1482	0.3947	0	41.891	Ascomycota	2726.0	0
scf7180000231960	1118	0.4392	0	64.947	Ascomycota	2065.0	0
scf7180000231961	1059	0.3881	0	79.36	Ascomycota	1956.0	0
scf7180000231962	1557	0.4066	0	33.38	Ascomycota	2876.0	0
scf7180000231963	1035	0.429	0	68.362	Ascomycota	1890.0	0
scf7180000231964	1507	0.4353	0	44.785	Ascomycota	2784.0	0
scf7180000231965	1254	0.4545	0	48.95	Ascomycota	2316.0	0
scf7180000231966	1075	0.4028	0	60.768	Ascomycota	1980.0	0
scf7180000231967	1100	0.3364	0	140.873	Firmicutes	2015.0	0
scf7180000231968	1156	0.3702	0	58.008	Ascomycota	2135.0	0
scf7180000231969	1156	0.4048	0	58.547	Ascomycota	2130.0	0
scf7180000231970	1062	0.3475	0	72.509	Ascomycota	1962.0	0
scf7180000231971	1178	0.3073	0	84.167	Firmicutes	1844.0	0
scf7180000231972	1075	0.4056	0	59.029	Ascomycota	1986.0	0
scf7180000231973	1236	0.3738	0	44.038	Ascomycota	2283.0	0
scf7180000231974	1171	0.3646	0	55.624	Ascomycota	2158.0	0
scf7180000231975	1564	0.3772	0	31.326	Ascomycota	2889.0	0
scf7180000231976	1084	0.3773	0	55.991	Ascomycota	2002.0	0
scf7180000231977	1262	0.3906	0	49.775	Ascomycota	2292.0	0
scf7180000231978	2125	0.4594	20	60.812	Ascomycota	3814.0	0
scf7180000231979	1117	0.3966	0	57.999	Ascomycota	2063.0	0
scf7180000231980	1235	0.3887	0	41.168	Ascomycota	2281.0	0
scf7180000231981	4774	0.41	40	50.022	Ascomycota	4453.0	0
scf7180000231982	1217	0.3739	0	41.552	Ascomycota	2248.0	0
scf7180000231983	1283	0.3632	0	47.71	Ascomycota	2364.0	0
scf7180000231984	1292	0.3885	0	47.178	Ascomycota	2386.0	0
scf7180000231985	1049	0.3918	0	55.22	Ascomycota	1938.0	0
scf7180000231986	1072	0.4058	0	58.272	Ascomycota	1980.0	0
scf7180000231987	1403	0.4013	0	35.218	Ascomycota	2586.0	0
scf7180000231988	1130	0.385	0	56.137	Ascomycota	2087.0	0
scf7180000231989	2639	0.3921	20	53.221	Ascomycota	4735.0	0
scf7180000231990	1369	0.4054	0	52.009	Ascomycota	2518.0	0
scf7180000231991	6770	0.4097	60	75.403	Ascomycota	10327.0	0
scf7180000231992	1271	0.4005	0	39.382	Ascomycota	2348.0	0
scf7180000231993	1214	0.3863	0	45.08	Ascomycota	2242.0	0
scf7180000231994	1004	0.3805	0	76.258	Ascomycota	1855.0	0
scf7180000231995	1088	0.375	0	54.202	Ascomycota	2010.0	0
scf7180000231996	1201	0.4013	0	49.055	Ascomycota	2202.0	0
scf7180000231997	1356	0.41	0	34.187	Ascomycota	2505.0	0
scf7180000231998	1073	0.4054	0	64.269	Ascomycota	1971.0	0
scf7180000231999	1053	0.3846	0	57.926	Ascomycota	1934.0	0
scf7180000232000	1084	0.3856	0	55.017	Ascomycota	2002.0	0
scf7180000232001	1262	0.4049	0	40.655	Ascomycota	2331.0	0
scf7180000232002	2472	0.3984	40	58.141	Ascomycota	2516.0	0
scf7180000232003	1291	0.4229	0	44.847	Ascomycota	2379.0	0
scf7180000232004	1255	0.3538	0	42.554	Ascomycota	2318.0	0
scf7180000232005	1167	0.5013	0	48.015	Ascomycota	2156.0	0
scf7180000232006	1009	0.3598	0	66.562	Ascomycota	1858.0	0
scf7180000232007	1846	0.403	0	48.525	Ascomycota	3410.0	0
scf7180000232008	1241	0.4367	0	44.106	Ascomycota	2287.0	0
scf7180000232009	1287	0.4149	0	36.895	Ascomycota	2377.0	0
scf7180000232010	1158	0.4024	0	47.045	Ascomycota	2139.0	0
scf7180000232011	1308	0.3777	0	43.093	Ascomycota	2416.0	0
scf7180000232012	1132	0.4523	0	50.731	Ascomycota	2091.0	0
scf7180000232013	2727	0.4052	20	51.936	Ascomycota	2972.0	0
scf7180000232014	1404	0.4986	0	37.217	Ascomycota	2593.0	0
scf7180000232015	1331	0.4395	0	36.165	Ascomycota	2436.0	0
scf7180000232016	1158	0.4516	0	41.201	Ascomycota	2139.0	0
scf7180000232017	1197	0.4862	0	43.113	Ascomycota	2211.0	0
scf7180000232018	3404	0.3793	40	49.89	Ascomycota	3184.0	0
scf7180000232019	1334	0.3523	0	35.545	Ascomycota	2464.0	0
scf7180000232020	1118	0.3551	0	54.964	Ascomycota	2065.0	0
scf7180000232021	1103	0.4044	0	49.246	Ascomycota	2037.0	0
scf7180000232022	1143	0.378	0	51.632	Ascomycota	2111.0	0
scf7180000232023	1017	0.3117	0	100.153	Firmicutes	1834.0	0
scf7180000232024	1085	0.4065	0	49.31	Ascomycota	2004.0	0
scf7180000232025	1226	0.4038	0	38.136	Ascomycota	2265.0	0
scf7180000232026	1667	0.3611	0	39.205	Ascomycota	3079.0	0
scf7180000232027	1131	0.3846	0	43.625	Ascomycota	2089.0	0
scf7180000232028	1057	0.3983	0	50.123	Ascomycota	1947.0	0
scf7180000232029	1022	0.4119	0	55.924	Ascomycota	1888.0	0
scf7180000232030	1067	0.3758	0	51.656	Ascomycota	1971.0	0
scf7180000232031	1115	0.3812	0	44.228	Ascomycota	2060.0	0
scf7180000232032	1040	0.3067	0	74.675	Firmicutes	1875.0	0
scf7180000232033	1360	0.389	0	34.347	Ascomycota	2512.0	0
scf7180000232034	3087	0.4151	20	36.491	Ascomycota	3430.0	0
scf7180000232035	1108	0.3673	0	54.641	Ascomycota	2041.0	0
scf7180000232036	1012	0.3992	0	58.298	Ascomycota	1869.0	0
scf7180000232037	1289	0.3964	0	32.666	Ascomycota	2381.0	0
scf7180000232038	1114	0.3959	0	46.577	Ascomycota	2058.0	0
scf7180000232039	1046	0.3489	0	54.56	Ascomycota	1932.0	0
scf7180000232040	1055	0.4351	0	48.028	Ascomycota	1949.0	0
scf7180000232041	1188	0.4554	0	38.941	Ascomycota	2194.0	0
scf7180000232042	1067	0.4161	0	47.404	Ascomycota	1965.0	0
scf7180000232043	1173	0.3751	0	38.92	Ascomycota	2167.0	0
scf7180000232044	1021	0.383	0	57.762	Ascomycota	1886.0	0
scf7180000232045	1115	0.3803	0	40.605	Ascomycota	2060.0	0
scf7180000232046	1222	0.4354	0	38.822	Ascomycota	2257.0	0
scf7180000232047	1023	0.4936	0	52.137	Ascomycota	1890.0	0
scf7180000232048	1097	0.4968	0	40.859	Ascomycota	2026.0	0
scf7180000232049	1003	0.347	0	45.174	Ascomycota	1853.0	0
scf7180000232050	1173	0.4305	0	39.455	Ascomycota	2167.0	0
scf7180000232051	1072	0.4347	0	43.473	Ascomycota	1975.0	0
scf7180000232052	1054	0.4203	0	52.431	Ascomycota	1947.0	0
scf7180000232053	2713	0.3876	40	59.31	Ascomycota	2483.0	0
scf7180000232054	1083	0.4072	0	36.524	Ascomycota	2001.0	0
scf7180000232055	1062	0.4134	0	46.653	Ascomycota	1962.0	0
scf7180000232056	1009	0.3518	0	51.039	Ascomycota	1864.0	0
scf7180000232057	1006	0.4245	0	42.486	Ascomycota	1858.0	0
scf7180000232058	1122	0.434	0	38.921	Ascomycota	2073.0	0
scf7180000232059	1090	0.3954	0	40.512	Ascomycota	2013.0	0
scf7180000232060	1164	0.3943	0	37.724	Ascomycota	2139.0	0
scf7180000232061	1137	0.4301	0	41.276	Ascomycota	2100.0	0
scf7180000232062	1149	0.4221	0	44.663	Ascomycota	2122.0	0
scf7180000232063	1105	0.4208	0	38.376	Ascomycota	2041.0	0
scf7180000232064	3583	0.4412	20	40.115	Ascomycota	4663.0	0
scf7180000232065	1069	0.4284	0	38.593	Ascomycota	1975.0	0
scf7180000232066	1041	0.4573	0	43.537	Ascomycota	1917.0	0
scf7180000232067	2184	0.3819	0	58.516	Ascomycota	4034.0	0
scf7180000232068	1121	0.3729	0	45.189	Ascomycota	2054.0	0
scf7180000232069	1067	0.388	0	41.219	Ascomycota	1971.0	0
scf7180000232070	1011	0.4095	0	41.078	Ascomycota	1868.0	0
scf7180000232071	1247	0.4443	0	36.188	Ascomycota	2298.0	0
scf7180000232072	1074	0.4106	0	41.65	Ascomycota	1984.0	0
scf7180000232073	1001	0.4715	0	42.34	Ascomycota	1838.0	0
scf7180000232074	1043	0.4104	0	45.979	Ascomycota	1927.0	0
scf7180000232075	1061	0.4213	0	50.07	Ascomycota	1938.0	0
scf7180000232076	1062	0.4275	0	38.741	Ascomycota	1951.0	0
scf7180000232077	1065	0.4808	0	36.728	Ascomycota	1967.0	0
scf7180000232078	1062	0.4105	0	43.134	Ascomycota	1956.0	0
scf7180000232079	1442	0.3731	0	37.52	Ascomycota	2663.0	0
scf7180000232080	1011	0.4273	0	41.908	Ascomycota	1857.0	0
scf7180000232081	1045	0.3885	0	38.496	Ascomycota	1919.0	0
scf7180000232082	1043	0.3787	0	35.066	Ascomycota	1921.0	0
scf7180000232083	1089	0.3884	0	35.807	Ascomycota	2012.0	0
scf7180000232084	1036	0.3504	0	37.853	Ascomycota	1908.0	0
scf7180000232085	3743	0.3967	20	47.336	Ascomycota	4876.0	0
scf7180000232086	2790	0.3643	20	38.075	Ascomycota	5075.0	0
scf7180000232087	1035	0.3894	0	45.225	Ascomycota	1912.0	0
scf7180000232088	1047	0.3973	0	38.294	Ascomycota	1934.0	0
scf7180000232089	1077	0.3909	0	39.205	Ascomycota	1984.0	0
scf7180000232090	1032	0.4157	0	40.995	Ascomycota	1906.0	0
scf7180000232091	1037	0.4012	0	39.126	Ascomycota	1905.0	0
scf7180000232092	1059	0.3947	0	34.041	Ascomycota	1951.0	0
scf7180000232093	1142	0.3932	0	32.423	Ascomycota	2109.0	0
scf7180000232094	1033	0.3988	0	38.736	Ascomycota	1908.0	0
scf7180000232095	1234	0.4068	0	36.102	Ascomycota	2263.0	0
scf7180000232096	1035	0.3623	0	37.798	Ascomycota	1895.0	0
scf7180000232097	1008	0.3889	0	36.86	Ascomycota	1862.0	0
scf7180000232098	1006	0.4175	0	38.268	Ascomycota	1858.0	0
scf7180000232099	1092	0.3947	0	36.266	Ascomycota	2017.0	0
scf7180000232100	1029	0.4344	0	33.718	Ascomycota	1901.0	0
scf7180000232101	1150	0.3974	0	34.251	Ascomycota	2124.0	0
scf7180000232102	1003	0.4367	0	40.158	Ascomycota	1847.0	0
scf7180000232103	1263	0.3872	0	27.899	Ascomycota	2327.0	0
scf7180000232104	1022	0.3894	0	34.849	Ascomycota	1888.0	0
scf7180000232105	1306	0.3828	0	27.77	Ascomycota	2412.0	0
scf7180000232106	2670	0.3808	20	33.62	Ascomycota	4807.0	0
scf7180000232107	1029	0.4159	0	33.124	Ascomycota	1901.0	0
scf7180000232108	1069	0.3789	0	33.176	Ascomycota	1975.0	0
scf7180000232109	1029	0.3829	0	36.196	Ascomycota	1901.0	0
scf7180000232110	1003	0.3978	0	38.872	Ascomycota	1853.0	0
scf7180000232111	1094	0.3857	0	32.813	Ascomycota	2021.0	0
scf7180000232112	1017	0.3864	0	37.966	Ascomycota	1868.0	0
scf7180000232113	1009	0.4083	0	35.559	Ascomycota	1864.0	0
scf7180000232114	1157	0.4036	0	28.725	Ascomycota	2137.0	0
scf7180000232115	1042	0.4031	0	29.495	Ascomycota	1925.0	0
scf7180000232116	1059	0.4268	0	30.599	Ascomycota	1956.0	0
scf7180000232117	1106	0.3626	0	30.316	Ascomycota	2043.0	0
scf7180000232118	1006	0.3708	0	35.206	Ascomycota	1858.0	0
scf7180000232119	1051	0.4263	0	30.161	Ascomycota	1941.0	0
scf7180000232120	1021	0.43	0	29.121	Ascomycota	1886.0	0
scf7180000232121	1052	0.3821	0	27.781	Ascomycota	1938.0	0
scf7180000232122	1109	0.4076	0	28.796	Ascomycota	2037.0	0
scf7180000232123	1005	0.5045	0	25.556	Ascomycota	1851.0	0
scf7180000232124	5282	0.3583	60	385.217	Firmicutes	4309.0	0
scf7180000232125	1477	0.392	0	198.126	Ascomycota	2728.0	0
scf7180000232126	4506	0.3464	0	204.749	Firmicutes	8043.0	0
scf7180000232127	1516	0.3542	0	177.653	Ascomycota	2800.0	0
scf7180000232128	1799	0.3813	0	491.381	Firmicutes	3217.0	0
scf7180000232129	5075	0.3458	40	487.703	Firmicutes	5836.0	0
scf7180000232130	1541	0.4173	0	289.816	Ascomycota	2785.0	0
scf7180000232131	1415	0.3986	0	174.54	Ascomycota	2608.0	0
scf7180000232132	1377	0.3588	0	766.879	Firmicutes	2499.0	0
scf7180000232133	1458	0.3525	0	318.894	Firmicutes	2649.0	0
scf7180000232134	1180	0.3551	0	525.172	Firmicutes	2150.0	0
scf7180000232135	1102	0.3702	0	389.123	Firmicutes	1986.0	0
scf7180000232136	1445	0.3246	0	396.548	Firmicutes	2289.0	0
scf7180000232137	1618	0.3869	0	37.269	Ascomycota	2988.0	0
scf7180000232138	1189	0.4399	0	155.553	Ascomycota	2124.0	0
scf7180000232139	3973	0.3665	0	104.171	Ascomycota	7321.0	0
scf7180000232140	3330	0.3408	0	214.077	Firmicutes	5978.0	0
scf7180000232141	2563	0.3648	0	160.639	Ascomycota	4734.0	0
scf7180000232142	2537	0.3713	0	164.747	Ascomycota	4686.0	0
scf7180000232143	3554	0.3931	0	39.45	Ascomycota	6564.0	0
scf7180000232144	3150	0.3895	0	79.262	Ascomycota	5784.0	0
scf7180000232145	9622	0.3855	40	99.202	Ascomycota	7005.0	0
scf7180000232146	2515	0.4064	0	72.097	Ascomycota	4617.0	0
scf7180000232147	3426	0.3739	0	200.235	Ascomycota	6205.0	0
scf7180000232148	3479	0.357	0	266.597	Firmicutes	6263.0	0
scf7180000232149	3433	0.3577	0	189.169	Firmicutes	6180.0	0
scf7180000232150	2925	0.3908	0	161.098	Ascomycota	5402.0	0
scf7180000232151	5848	0.3804	20	136.766	Ascomycota	8759.0	0
scf7180000232152	2691	0.3456	0	154.399	Firmicutes	4865.0	0
scf7180000232153	4936	0.4141	0	68.025	Ascomycota	9060.0	0
scf7180000232154	3055	0.3709	0	99.053	Ascomycota	5614.0	0
scf7180000232155	2584	0.3769	0	150.697	Ascomycota	4765.0	0
scf7180000232156	2168	0.3602	0	199.654	Ascomycota	3982.0	0
scf7180000232157	3477	0.3736	0	63.504	Ascomycota	6421.0	0
scf7180000232158	5498	0.3784	20	78.933	Ascomycota	10048.0	0
scf7180000232159	2695	0.3959	0	102.132	Ascomycota	4961.0	0
scf7180000232160	6229	0.4049	20	62.554	Ascomycota	11393.0	0
scf7180000232161	2319	0.3997	0	116.953	Ascomycota	4283.0	0
scf7180000232162	3457	0.3882	0	91.768	Ascomycota	6384.0	0
scf7180000232163	2290	0.3838	0	143.227	Ascomycota	4224.0	0
scf7180000232164	2110	0.3483	0	192.434	Firmicutes	3764.0	0
scf7180000232165	3251	0.4174	0	94.503	Ascomycota	5993.0	0
scf7180000232166	2444	0.3498	0	181.309	Firmicutes	4425.0	0
scf7180000232167	2207	0.2764	0	251.507	Firmicutes	4076.0	0
scf7180000232168	2398	0.3995	0	89.138	Ascomycota	4429.0	0
scf7180000232169	2645	0.3977	0	77.674	Ascomycota	4879.0	0
scf7180000232170	5904	0.3539	60	87.149	Ascomycota	6368.0	0
scf7180000232171	1954	0.369	0	548.781	Firmicutes	3609.0	0
scf7180000232172	2072	0.4377	0	102.327	Ascomycota	3808.0	0
scf7180000232173	2164	0.4307	0	113.299	Ascomycota	3997.0	0
scf7180000232174	3941	0.3894	20	205.302	Ascomycota	3940.0	0
scf7180000232175	1776	0.3491	0	217.059	Firmicutes	3181.0	0
scf7180000232176	2116	0.4835	0	92.187	Ascomycota	3903.0	0
scf7180000232177	2731	0.4324	0	96.873	Ascomycota	5038.0	0
scf7180000232178	3583	0.3331	20	145.54	Firmicutes	3711.0	0
scf7180000232179	1725	0.4104	0	176.003	Ascomycota	3181.0	0
scf7180000232180	2118	0.3683	0	121.27	Ascomycota	3912.0	0
scf7180000232181	2105	0.4057	0	101.749	Ascomycota	3882.0	0
scf7180000232182	2046	0.4125	0	108.73	Ascomycota	3626.0	0
scf7180000232183	2566	0.4002	0	59.705	Ascomycota	4728.0	0
scf7180000232184	2965	0.4111	0	118.251	Ascomycota	5448.0	0
scf7180000232185	2183	0.3926	0	91.251	Ascomycota	4026.0	0
scf7180000232186	2154	0.409	0	115.065	Ascomycota	3954.0	0
scf7180000232187	1972	0.3225	0	435.435	Firmicutes	3587.0	0
scf7180000232188	2718	0.3234	0	98.727	Firmicutes	4798.0	0
scf7180000232189	3021	0.3893	0	64.198	Ascomycota	5579.0	0
scf7180000232190	1978	0.4328	0	89.644	Ascomycota	3648.0	0
scf7180000232191	1894	0.3981	0	117.23	Ascomycota	3493.0	0
scf7180000232192	2666	0.2851	0	438.4	Firmicutes	4918.0	0
scf7180000232193	2138	0.3971	0	77.555	Ascomycota	3949.0	0
scf7180000232194	1804	0.3936	0	112.113	Ascomycota	3332.0	0
scf7180000232195	1942	0.3888	0	131.058	Ascomycota	3587.0	0
scf7180000232196	3093	0.3456	40	212.701	Firmicutes	3284.0	0
scf7180000232197	2028	0.4177	0	74.476	Ascomycota	3746.0	0
scf7180000232198	1103	0.3527	0	269.012	Firmicutes	1999.0	0
scf7180000232199	2387	0.4097	0	55.313	Ascomycota	4403.0	0
scf7180000232200	2222	0.4469	0	76.62	Ascomycota	4098.0	0
scf7180000232201	2881	0.3684	20	327.668	Firmicutes	3293.0	0
scf7180000232202	1801	0.3237	0	116.36	Firmicutes	3227.0	0
scf7180000232203	2187	0.3278	0	126.036	Firmicutes	3914.0	0
scf7180000232204	1419	0.4172	0	208.41	Ascomycota	2593.0	0
scf7180000232205	1668	0.3357	0	184.597	Firmicutes	3033.0	0
scf7180000232206	5801	0.334	20	100.929	Firmicutes	10386.0	0
scf7180000232207	1455	0.3567	0	276.678	Firmicutes	2599.0	0
scf7180000232208	2448	0.3893	0	84.529	Ascomycota	4494.0	0
scf7180000232209	1543	0.3292	0	183.191	Firmicutes	2739.0	0
scf7180000232210	1643	0.3956	0	135.928	Ascomycota	3018.0	0
scf7180000232211	1609	0.3313	0	199.928	Firmicutes	2811.0	0
scf7180000232212	2201	0.4221	0	61.498	Ascomycota	4060.0	0
scf7180000232213	3029	0.3797	0	50.184	Ascomycota	5589.0	0
scf7180000232214	4749	0.3415	20	253.228	Firmicutes	5232.0	0
scf7180000232215	2371	0.4053	0	51.961	Ascomycota	4373.0	0
scf7180000232216	3995	0.4189	20	82.439	Ascomycota	3871.0	0
scf7180000232217	1498	0.3558	0	212.245	Firmicutes	2717.0	0
scf7180000232218	3203	0.4141	20	151.542	Ascomycota	5241.0	0
scf7180000232219	1427	0.3532	0	146.2	Firmicutes	2481.0	0
scf7180000232220	2047	0.3825	0	84.305	Ascomycota	3747.0	0
scf7180000232221	1851	0.3549	0	93.174	Ascomycota	3419.0	0
scf7180000232222	1994	0.3997	0	67.691	Ascomycota	3672.0	0
scf7180000232223	2247	0.4019	0	46.674	Ascomycota	4145.0	0
scf7180000232224	3235	0.3941	20	88.87	Ascomycota	3184.0	0
scf7180000232225	1564	0.4252	0	104.166	Ascomycota	2861.0	0
scf7180000232226	1938	0.3638	0	84.888	Ascomycota	3574.0	0
scf7180000232227	1717	0.3378	0	230.715	Firmicutes	3110.0	0
scf7180000232228	2861	0.3111	0	110.529	Firmicutes	5127.0	0
scf7180000232229	1813	0.4363	0	125.304	Ascomycota	3326.0	0
scf7180000232230	2627	0.405	0	136.241	Ascomycota	4846.0	0
scf7180000232231	1820	0.3522	0	147.118	Firmicutes	3223.0	0
scf7180000232232	1744	0.4094	0	68.544	Ascomycota	3210.0	0
scf7180000232233	1633	0.4127	0	90.437	Ascomycota	3016.0	0
scf7180000232234	1775	0.3549	0	86.026	Ascomycota	3273.0	0
scf7180000232235	1684	0.3432	0	152.253	Firmicutes	3038.0	0
scf7180000232236	2605	0.3992	0	37.215	Ascomycota	4811.0	0
scf7180000232237	1570	0.3382	0	109.012	Firmicutes	2839.0	0
scf7180000232238	1294	0.4019	0	163.056	Ascomycota	2390.0	0
scf7180000232239	1836	0.4107	0	59.228	Ascomycota	3325.0	0
scf7180000232240	1822	0.3557	0	69.761	Ascomycota	3350.0	0
scf7180000232241	1540	0.3617	0	97.777	Ascomycota	2844.0	0
scf7180000232242	1671	0.3285	0	209.625	Firmicutes	3064.0	0
scf7180000232243	2217	0.4199	0	48.16	Ascomycota	4084.0	0
scf7180000232244	4212	0.4269	40	38.968	Ascomycota	5129.0	0
scf7180000232245	1691	0.34	0	255.847	Firmicutes	3040.0	0
scf7180000232246	1763	0.321	0	121.96	Firmicutes	3173.0	0
scf7180000232247	5482	0.3378	20	143.008	Firmicutes	5587.0	0
scf7180000232248	3872	0.4084	20	79.96	Ascomycota	4085.0	0
scf7180000232249	1232	0.3596	0	489.384	Firmicutes	2248.0	0
scf7180000232250	2136	0.4424	0	50.06	Ascomycota	3945.0	0
scf7180000232251	1662	0.3965	0	76.129	Ascomycota	3070.0	0
scf7180000232252	4418	0.3556	20	73.27	Ascomycota	5040.0	0
scf7180000232253	1804	0.4024	0	59.446	Ascomycota	3332.0	0
scf7180000232254	2034	0.3864	0	133.802	Ascomycota	3757.0	0
scf7180000232255	2856	0.3255	20	271.395	Firmicutes	2909.0	0
scf7180000232256	3821	0.34	0	144.624	Firmicutes	6841.0	0
scf7180000232257	2215	0.4158	0	45.462	Ascomycota	4091.0	0
scf7180000232258	1258	0.3728	0	179.105	Firmicutes	2213.0	0
scf7180000232259	3663	0.3988	40	78.822	Ascomycota	3940.0	0
scf7180000232260	2096	0.3898	0	115.647	Ascomycota	3871.0	0
scf7180000232261	1559	0.4073	0	84.046	Ascomycota	2874.0	0
scf7180000232262	1810	0.3718	0	91.782	Ascomycota	3343.0	0
scf7180000232263	2535	0.34	20	160.169	Firmicutes	2218.0	0
scf7180000232264	1440	0.3333	0	151.589	Firmicutes	2593.0	0
scf7180000232265	2107	0.401	0	42.349	Ascomycota	3892.0	0
scf7180000232266	1413	0.3567	0	93.793	Ascomycota	2610.0	0
scf7180000232267	1877	0.4204	0	52.198	Ascomycota	3467.0	0
scf7180000232268	2047	0.3278	0	134.745	Firmicutes	2067.0	0
scf7180000232269	1370	0.346	0	178.215	Firmicutes	2503.0	0
scf7180000232270	1064	0.359	0	204.94	Ascomycota	1965.0	0
scf7180000232271	1695	0.4035	0	54.853	Ascomycota	3120.0	0
scf7180000232272	1508	0.3203	0	124.662	Firmicutes	2730.0	0
scf7180000232273	6852	0.3895	80	94.679	Ascomycota	9086.0	0
scf7180000232274	4150	0.3417	0	279.29	Firmicutes	7404.0	0
scf7180000232275	1923	0.3734	0	56.796	Ascomycota	3552.0	0
scf7180000232276	2267	0.3714	0	473.091	Firmicutes	4187.0	0
scf7180000232277	1667	0.4163	0	60.842	Ascomycota	3079.0	0
scf7180000232278	2251	0.3829	0	69.118	Ascomycota	4157.0	0
scf7180000232279	2631	0.3869	0	68.326	Ascomycota	4843.0	0
scf7180000232280	1339	0.3398	0	183.843	Firmicutes	2381.0	0
scf7180000232281	4448	0.3726	20	81.93	Ascomycota	5278.0	0
scf7180000232282	2996	0.4025	0	61.513	Ascomycota	5528.0	0
scf7180000232283	1821	0.4058	0	44.644	Ascomycota	3352.0	0
scf7180000232284	1525	0.4197	0	67.145	Ascomycota	2817.0	0
scf7180000232285	1841	0.3634	0	49.395	Ascomycota	3395.0	0
scf7180000232286	2351	0.402	0	58.921	Ascomycota	4325.0	0
scf7180000232287	2461	0.3267	0	143.768	Firmicutes	4407.0	0
scf7180000232288	1369	0.3324	0	435.482	Firmicutes	2479.0	0
scf7180000232289	1511	0.3673	0	69.656	Ascomycota	2774.0	0
scf7180000232290	1144	0.354	0	130.5	Firmicutes	1166.0	0
scf7180000232291	1311	0.3356	0	141.899	Firmicutes	2361.0	0
scf7180000232292	1135	0.3727	0	141.01	Firmicutes	2019.0	0
scf7180000232293	1289	0.3476	0	199.925	Firmicutes	2314.0	0
scf7180000232294	1796	0.3352	0	140.95	Firmicutes	3301.0	0
scf7180000232295	1512	0.3856	0	95.48	Ascomycota	2782.0	0
scf7180000232296	1040	0.349	0	814.703	Firmicutes	1871.0	0
scf7180000232297	1332	0.3273	0	159.974	Firmicutes	2355.0	0
scf7180000232298	1193	0.3738	0	116.604	Ascomycota	2204.0	0
scf7180000232299	1977	0.3869	0	39.683	Ascomycota	3651.0	0
scf7180000232300	1527	0.3969	0	106.487	Ascomycota	2809.0	0
scf7180000232301	2984	0.3907	20	59.555	Ascomycota	2771.0	0
scf7180000232302	1132	0.3613	0	122.675	Ascomycota	2085.0	0
scf7180000232303	1577	0.3881	0	66.186	Ascomycota	2913.0	0
scf7180000232304	1880	0.4559	0	51.39	Ascomycota	3456.0	0
scf7180000232305	5725	0.3145	20	104.346	Firmicutes	8126.0	0
scf7180000232306	2242	0.4153	0	86.171	Ascomycota	4141.0	0
scf7180000232307	1882	0.3273	0	199.473	Firmicutes	3443.0	0
scf7180000232308	1399	0.4003	0	65.426	Ascomycota	2584.0	0
scf7180000232309	1796	0.3408	0	354.919	Firmicutes	3273.0	0
scf7180000232310	3281	0.3462	20	238.751	Firmicutes	3681.0	0
scf7180000232311	1857	0.2612	0	148.945	Firmicutes	3430.0	0
scf7180000232312	1197	0.3935	0	109.356	Ascomycota	2211.0	0
scf7180000232313	1531	0.3187	0	172.937	Firmicutes	2684.0	0
scf7180000232314	1471	0.4072	0	65.824	Ascomycota	2712.0	0
scf7180000232315	1416	0.4979	0	85.992	Ascomycota	2610.0	0
scf7180000232316	1803	0.3605	0	51.449	Ascomycota	3325.0	0
scf7180000232317	2775	0.375	20	60.199	Ascomycota	5001.0	0
scf7180000232318	1231	0.368	0	104.162	Ascomycota	2263.0	0
scf7180000232319	3562	0.3298	20	228.921	Firmicutes	4115.0	0
scf7180000232320	1896	0.3692	0	60.087	Ascomycota	3502.0	0
scf7180000232321	1533	0.4266	0	58.973	Ascomycota	2832.0	0
scf7180000232322	1193	0.3294	0	300.039	Firmicutes	2187.0	0
scf7180000232323	1118	0.2692	0	201.226	Firmicutes	2065.0	0
scf7180000232324	1876	0.3406	0	281.351	Firmicutes	3404.0	0
scf7180000232325	1242	0.3148	0	120.783	Firmicutes	2244.0	0
scf7180000232326	2730	0.3799	0	65.808	Ascomycota	5042.0	0
scf7180000232327	1722	0.3966	0	45.377	Ascomycota	3175.0	0
scf7180000232328	1381	0.3765	0	80.007	Ascomycota	2551.0	0
scf7180000232329	1748	0.4062	0	44.433	Ascomycota	3229.0	0
scf7180000232330	1723	0.386	0	39.949	Ascomycota	3177.0	0
scf7180000232331	1210	0.3298	0	282.397	Firmicutes	2218.0	0
scf7180000232332	1676	0.4004	0	43.516	Ascomycota	3096.0	0
scf7180000232333	1294	0.3114	0	87.02	Firmicutes	2307.0	0
scf7180000232334	1911	0.3705	0	56.805	Ascomycota	3524.0	0
scf7180000232335	2754	0.3348	0	215.061	Firmicutes	4863.0	0
scf7180000232336	1893	0.3719	0	35.609	Ascomycota	3496.0	0
scf7180000232337	1588	0.3634	0	48.747	Ascomycota	2933.0	0
scf7180000232338	1357	0.3685	0	114.148	Ascomycota	2507.0	0
scf7180000232339	1994	0.4107	0	36.279	Ascomycota	3683.0	0
scf7180000232340	1542	0.417	0	51.951	Ascomycota	2843.0	0
scf7180000232341	1285	0.3128	0	122.472	Ascomycota	2368.0	0
scf7180000232342	1808	0.37	0	43.549	Ascomycota	3339.0	0
scf7180000232343	1569	0.3544	0	51.267	Ascomycota	2887.0	0
scf7180000232344	1631	0.4108	0	46.069	Ascomycota	2990.0	0
scf7180000232345	1678	0.4118	0	43.984	Ascomycota	3099.0	0
scf7180000232346	1775	0.391	0	39.411	Ascomycota	3278.0	0
scf7180000232347	1301	0.3167	0	106.201	Firmicutes	2281.0	0
scf7180000232348	1520	0.402	0	46.53	Ascomycota	2802.0	0
scf7180000232349	1785	0.4067	0	35.475	Ascomycota	3291.0	0
scf7180000232350	1419	0.3665	0	48.206	Ascomycota	2610.0	0
scf7180000232351	1593	0.4771	0	43.051	Ascomycota	2942.0	0
scf7180000232352	2045	0.2699	0	253.433	Firmicutes	3777.0	0
scf7180000232353	1230	0.3528	0	71.488	Ascomycota	2272.0	0
scf7180000232354	1605	0.2897	0	154.624	Firmicutes	2865.0	0
scf7180000232355	1506	0.3108	0	120.904	Firmicutes	2693.0	0
scf7180000232356	2006	0.3998	0	45.236	Ascomycota	3687.0	0
scf7180000232357	1489	0.4097	0	52.126	Ascomycota	2739.0	0
scf7180000232358	1639	0.4442	0	45.727	Ascomycota	3011.0	0
scf7180000232359	1391	0.3357	0	124.092	Firmicutes	2514.0	0
scf7180000232360	1541	0.353	0	209.799	Firmicutes	2813.0	0
scf7180000232361	1311	0.3135	0	138.727	Firmicutes	2361.0	0
scf7180000232362	2621	0.3187	20	140.59	Firmicutes	2386.0	0
scf7180000232363	1284	0.4151	0	62.621	Ascomycota	2372.0	0
scf7180000232364	2005	0.4025	0	36.783	Ascomycota	3703.0	0
scf7180000232365	1534	0.3279	0	84.659	Ascomycota	2833.0	0
scf7180000232366	2205	0.3918	0	36.163	Ascomycota	4056.0	0
scf7180000232367	1798	0.4277	0	50.74	Ascomycota	3321.0	0
scf7180000232368	1900	0.4605	0	50.689	Ascomycota	3509.0	0
scf7180000232369	1811	0.3639	0	85.398	Ascomycota	3345.0	0
scf7180000232370	1576	0.4308	0	39.967	Ascomycota	2911.0	0
scf7180000232371	1086	0.3103	0	393.703	Firmicutes	1949.0	0
scf7180000232372	1412	0.3938	0	42.616	Ascomycota	2608.0	0
scf7180000232373	1611	0.3954	0	34.194	Ascomycota	2976.0	0
scf7180000232374	1550	0.4077	0	40.929	Ascomycota	2863.0	0
scf7180000232375	1560	0.3782	0	42.28	Ascomycota	2876.0	0
scf7180000232376	1764	0.4093	0	36.768	Ascomycota	3258.0	0
scf7180000232377	1565	0.3866	0	45.388	Ascomycota	2891.0	0
scf7180000232378	6901	0.3983	80	82.827	Ascomycota	4170.0	0
scf7180000232379	1574	0.3698	0	37.715	Ascomycota	2907.0	0
scf7180000232380	1417	0.3945	0	46.595	Ascomycota	2612.0	0
scf7180000232381	1447	0.4119	0	47.027	Ascomycota	2667.0	0
scf7180000232382	1216	0.4054	0	57.211	Ascomycota	2246.0	0
scf7180000232383	1533	0.4384	0	44.207	Ascomycota	2820.0	0
scf7180000232384	1662	0.3821	0	42.217	Ascomycota	3070.0	0
scf7180000232385	1835	0.3722	0	61.439	Ascomycota	3389.0	0
scf7180000232386	3355	0.4078	40	47.657	Ascomycota	3343.0	0
scf7180000232387	1286	0.3958	0	53.622	Ascomycota	2375.0	0
scf7180000232388	1784	0.4568	0	33.75	Ascomycota	3290.0	0
scf7180000232389	1793	0.3608	0	47.96	Ascomycota	3312.0	0
scf7180000232390	1435	0.4188	0	42.238	Ascomycota	2651.0	0
scf7180000232391	1626	0.3776	0	32.264	Ascomycota	2998.0	0
scf7180000232392	2029	0.3608	0	46.666	Ascomycota	3747.0	0
scf7180000232393	1141	0.4242	0	72.085	Ascomycota	2108.0	0
scf7180000232394	1451	0.3942	0	46.868	Ascomycota	2680.0	0
scf7180000232395	1413	0.3935	0	56.948	Ascomycota	2582.0	0
scf7180000232396	1126	0.3925	0	57.631	Ascomycota	2080.0	0
scf7180000232397	1647	0.3716	0	36.886	Ascomycota	3037.0	0
scf7180000232398	1395	0.3627	0	47.344	Ascomycota	2577.0	0
scf7180000232399	1063	0.3565	0	77.973	Ascomycota	1964.0	0
scf7180000232400	1153	0.4371	0	63.217	Ascomycota	2130.0	0
scf7180000232401	1343	0.3686	0	55.695	Ascomycota	2481.0	0
scf7180000232402	1379	0.3597	0	44.724	Ascomycota	2547.0	0
scf7180000232403	1283	0.3468	0	50.362	Ascomycota	2370.0	0
scf7180000232404	1672	0.3858	0	35.462	Ascomycota	3088.0	0
scf7180000232405	1673	0.4632	0	48.638	Ascomycota	3085.0	0
scf7180000232406	1552	0.3834	0	51.64	Ascomycota	2859.0	0
scf7180000232407	1268	0.3896	0	59.822	Ascomycota	2320.0	0
scf7180000232408	1544	0.3692	0	40.861	Ascomycota	2835.0	0
scf7180000232409	1578	0.3878	0	33.529	Ascomycota	2915.0	0
scf7180000232410	1291	0.3888	0	52.754	Ascomycota	2385.0	0
scf7180000232411	1512	0.3413	0	77.032	Ascomycota	2793.0	0
scf7180000232412	1400	0.4129	0	34.331	Ascomycota	2586.0	0
scf7180000232413	1821	0.4091	0	33.58	Ascomycota	3363.0	0
scf7180000232414	1188	0.3948	0	55.684	Ascomycota	2161.0	0
scf7180000232415	1492	0.3934	0	37.767	Ascomycota	2750.0	0
scf7180000232416	1796	0.3892	0	44.57	Ascomycota	3317.0	0
scf7180000232417	3803	0.3697	40	47.746	Ascomycota	6800.0	0
scf7180000232418	1143	0.4077	0	56.223	Ascomycota	2111.0	0
scf7180000232419	1281	0.3942	0	60.525	Ascomycota	2355.0	0
scf7180000232420	1853	0.3999	0	42.407	Ascomycota	3422.0	0
scf7180000232421	1319	0.3419	0	51.894	Ascomycota	2436.0	0
scf7180000232422	1394	0.4154	0	41.304	Ascomycota	2569.0	0
scf7180000232423	1293	0.3921	0	45.234	Ascomycota	2388.0	0
scf7180000232424	1216	0.3832	0	47.301	Ascomycota	2246.0	0
scf7180000232425	1292	0.3978	0	47.841	Ascomycota	2386.0	0
scf7180000232426	1397	0.3694	0	40.19	Ascomycota	2580.0	0
scf7180000232427	2036	0.39	0	56.4	Ascomycota	3760.0	0
scf7180000232428	1278	0.4131	0	46.194	Ascomycota	2361.0	0
scf7180000232429	1041	0.3833	0	57.795	Ascomycota	1923.0	0
scf7180000232430	1255	0.4279	0	41.096	Ascomycota	2318.0	0
scf7180000232431	1445	0.4076	0	37.37	Ascomycota	2669.0	0
scf7180000232432	1221	0.1794	0	107.08	Ascomycota	2255.0	0
scf7180000232433	1533	0.4266	0	36.455	Ascomycota	2832.0	0
scf7180000232434	1337	0.4323	0	37.271	Ascomycota	2470.0	0
scf7180000232435	1601	0.4822	0	32.738	Ascomycota	2957.0	0
scf7180000232436	1125	0.368	0	59.553	Ascomycota	2073.0	0
scf7180000232437	1313	0.3953	0	38.366	Ascomycota	2425.0	0
scf7180000232438	1485	0.4182	0	32.625	Ascomycota	2743.0	0
scf7180000232439	1524	0.3655	0	43.114	Ascomycota	2815.0	0
scf7180000232440	1308	0.4151	0	43.891	Ascomycota	2416.0	0
scf7180000232441	1068	0.3689	0	54.561	Ascomycota	1973.0	0
scf7180000232442	1429	0.3688	0	37.93	Ascomycota	2639.0	0
scf7180000232443	1258	0.4165	0	39.686	Ascomycota	2318.0	0
scf7180000232444	1257	0.3866	0	35.865	Ascomycota	2322.0	0
scf7180000232445	1357	0.4053	0	39.491	Ascomycota	2507.0	0
scf7180000232446	1096	0.3796	0	45.919	Ascomycota	2025.0	0
scf7180000232447	1328	0.4179	0	50.929	Ascomycota	2453.0	0
scf7180000232448	1354	0.4114	0	36.422	Ascomycota	2501.0	0
scf7180000232449	1354	0.3508	0	42.301	Ascomycota	2501.0	0
scf7180000232450	1277	0.4824	0	41.322	Ascomycota	2342.0	0
scf7180000232451	5308	0.411	40	47.633	Ascomycota	4346.0	0
scf7180000232452	1125	0.3609	0	47.586	Ascomycota	2078.0	0
scf7180000232453	1978	0.4307	0	62.217	Ascomycota	3653.0	0
scf7180000232454	1196	0.3863	0	50.076	Ascomycota	2204.0	0
scf7180000232455	1412	0.3945	0	34.445	Ascomycota	2608.0	0
scf7180000232456	1301	0.4128	0	38.452	Ascomycota	2403.0	0
scf7180000232457	1273	0.3857	0	44.366	Ascomycota	2351.0	0
scf7180000232458	1038	0.4037	0	57.472	Ascomycota	1917.0	0
scf7180000232459	1115	0.4233	0	49.037	Ascomycota	2060.0	0
scf7180000232460	1954	0.4191	0	46.268	Ascomycota	3598.0	0
scf7180000232461	1416	0.4315	0	37.295	Ascomycota	2615.0	0
scf7180000232462	1731	0.3969	0	37.961	Ascomycota	3197.0	0
scf7180000232463	1221	0.3956	0	42.418	Ascomycota	2244.0	0
scf7180000232464	2937	0.432	20	32.317	Ascomycota	5276.0	0
scf7180000232465	1303	0.3899	0	35.041	Ascomycota	2401.0	0
scf7180000232466	1272	0.4057	0	38.068	Ascomycota	2350.0	0
scf7180000232467	1292	0.394	0	38.926	Ascomycota	2381.0	0
scf7180000232468	1103	0.3853	0	43.646	Ascomycota	2037.0	0
scf7180000232469	1604	0.3435	0	50.794	Ascomycota	2937.0	0
scf7180000232470	1360	0.4029	0	35.404	Ascomycota	2512.0	0
scf7180000232471	1269	0.3964	0	38.403	Ascomycota	2338.0	0
scf7180000232472	1175	0.3694	0	46.449	Ascomycota	2170.0	0
scf7180000232473	1516	0.3727	0	37.003	Ascomycota	2800.0	0
scf7180000232474	1233	0.3925	0	33.2	Ascomycota	2272.0	0
scf7180000232475	1139	0.3696	0	43.093	Ascomycota	2098.0	0
scf7180000232476	1212	0.4175	0	40.046	Ascomycota	2239.0	0
scf7180000232477	1099	0.3995	0	41.497	Ascomycota	2025.0	0
scf7180000232478	1290	0.4109	0	35.704	Ascomycota	2383.0	0
scf7180000232479	1188	0.415	0	42.122	Ascomycota	2189.0	0
scf7180000232480	1153	0.3608	0	36.632	Ascomycota	2124.0	0
scf7180000232481	1533	0.3927	0	26.612	Ascomycota	2832.0	0
scf7180000232482	1188	0.3796	0	39.663	Ascomycota	2194.0	0
scf7180000232483	1556	0.3965	0	26.715	Ascomycota	2874.0	0
scf7180000232484	2446	0.37	0	49.572	Ascomycota	4518.0	0
scf7180000232485	1246	0.4077	0	34.209	Ascomycota	2302.0	0
scf7180000232486	1347	0.392	0	41.17	Ascomycota	2483.0	0
scf7180000232487	1202	0.381	0	39.722	Ascomycota	2220.0	0
scf7180000232488	1909	0.4322	0	41.53	Ascomycota	3520.0	0
scf7180000232489	1082	0.3863	0	37.208	Ascomycota	1999.0	0
scf7180000232490	1135	0.3947	0	43.204	Ascomycota	2097.0	0
scf7180000232491	1661	0.3841	0	34.561	Ascomycota	3062.0	0
scf7180000232492	1321	0.3724	0	39.55	Ascomycota	2440.0	0
scf7180000232493	1238	0.3958	0	36.73	Ascomycota	2287.0	0
scf7180000232494	1288	0.3727	0	32.141	Ascomycota	2379.0	0
scf7180000232495	1458	0.4074	0	35.093	Ascomycota	2693.0	0
scf7180000232496	1072	0.3601	0	40.701	Ascomycota	1980.0	0
scf7180000232497	1172	0.3575	0	42.428	Ascomycota	2165.0	0
scf7180000232498	1052	0.3793	0	39.907	Ascomycota	1943.0	0
scf7180000232499	1043	0.419	0	47.317	Ascomycota	1927.0	0
scf7180000232500	1383	0.3796	0	34.328	Ascomycota	2555.0	0
scf7180000232501	1153	0.4224	0	39.953	Ascomycota	2130.0	0
scf7180000232502	1446	0.4073	0	32.669	Ascomycota	2665.0	0
scf7180000232503	1082	0.3965	0	39.993	Ascomycota	1993.0	0
scf7180000232504	1815	0.3829	0	38.753	Ascomycota	3347.0	0
scf7180000232505	1148	0.4399	0	33.482	Ascomycota	2115.0	0
scf7180000232506	1855	0.4	0	32.412	Ascomycota	3426.0	0
scf7180000232507	1129	0.3888	0	31.919	Ascomycota	2085.0	0
scf7180000232508	1294	0.4158	0	36.281	Ascomycota	2390.0	0
scf7180000232509	1195	0.3699	0	35.177	Ascomycota	2207.0	0
scf7180000232510	1137	0.394	0	33.391	Ascomycota	2100.0	0
scf7180000232511	1544	0.3705	0	34.234	Ascomycota	2852.0	0
scf7180000232512	1382	0.3878	0	29.08	Ascomycota	2553.0	0
scf7180000232513	1201	0.3997	0	35.701	Ascomycota	2218.0	0
scf7180000232514	1146	0.3831	0	32.428	Ascomycota	2117.0	0
scf7180000232515	1138	0.4411	0	38.654	Ascomycota	2102.0	0
scf7180000232516	1121	0.4077	0	38.88	Ascomycota	2060.0	0
scf7180000232517	1253	0.3639	0	34.66	Ascomycota	2309.0	0
scf7180000232518	1273	0.4281	0	32.804	Ascomycota	2351.0	0
scf7180000232519	1077	0.3621	0	34.487	Ascomycota	1967.0	0
scf7180000232520	1965	0.4341	0	24.655	Ascomycota	3618.0	0
scf7180000232521	1280	0.4125	0	27.476	Ascomycota	2364.0	0
scf7180000232522	1282	0.408	0	32.611	Ascomycota	2368.0	0
scf7180000232523	1244	0.4003	0	35.776	Ascomycota	2298.0	0
scf7180000232524	1419	0.4101	0	29.366	Ascomycota	2621.0	0
scf7180000232525	1083	0.4367	0	34.267	Ascomycota	1995.0	0
scf7180000232526	1620	0.3802	0	30.33	Ascomycota	2976.0	0
scf7180000232527	1816	0.3805	0	31.623	Ascomycota	3321.0	0
scf7180000232528	1060	0.4104	0	32.756	Ascomycota	1958.0	0
scf7180000232529	1160	0.4026	0	28.559	Ascomycota	2143.0	0
scf7180000232530	1678	0.4058	0	34.177	Ascomycota	3099.0	0
scf7180000232531	1165	0.4052	0	29.332	Ascomycota	2152.0	0
scf7180000232532	1190	0.3882	0	30.437	Ascomycota	2198.0	0
scf7180000232533	1353	0.388	0	31.221	Ascomycota	2499.0	0
scf7180000232534	1140	0.3667	0	31.13	Ascomycota	2100.0	0
scf7180000232535	1646	0.4818	0	31.549	Ascomycota	3029.0	0
scf7180000232536	1137	0.3817	0	28.453	Ascomycota	2100.0	0
scf7180000232537	1141	0.3795	0	25.305	Ascomycota	2108.0	0
scf7180000232538	2447	0.4164	0	25.763	Ascomycota	4519.0	0
scf7180000232539	1164	0.3737	0	24.012	Ascomycota	2139.0	0
scf7180000232540	1111	0.4104	0	28.891	Ascomycota	2052.0	0
scf7180000232541	3475	0.3502	0	166.332	Firmicutes	6185.0	0
scf7180000232542	5447	0.3958	20	171.235	Ascomycota	9897.0	0
scf7180000232543	1815	0.3482	0	136.065	Viruses-undef	3225.0	0
scf7180000232544	5271	0.3531	40	489.375	Firmicutes	4397.0	0
scf7180000232545	5559	0.3679	20	778.567	Firmicutes	5319.0	0
scf7180000232546	1461	0.3648	0	252.919	Ascomycota	2610.0	0
scf7180000232547	2116	0.3464	0	322.49	Firmicutes	3819.0	0
scf7180000232548	3217	0.3404	0	124.475	Firmicutes	5753.0	0
scf7180000232549	1888	0.3501	0	298.629	Firmicutes	3362.0	0
scf7180000232550	2474	0.3565	0	510.93	Firmicutes	3783.0	0
scf7180000232551	1082	0.4298	0	181.653	Ascomycota	1993.0	0
scf7180000232552	1095	0.4183	0	170.456	Ascomycota	2023.0	0
scf7180000232553	2660	0.3944	0	107.825	Ascomycota	4868.0	0
scf7180000232554	1983	0.3822	0	229.662	Ascomycota	3651.0	0
scf7180000232555	4100	0.388	0	184.81	Ascomycota	7498.0	0
scf7180000232556	4086	0.3463	20	574.196	Firmicutes	3781.0	0
scf7180000232557	1477	0.3643	0	256.911	Firmicutes	2601.0	0
scf7180000232558	1081	0.4866	0	221.477	Ascomycota	1980.0	0
scf7180000232559	4738	0.344	40	242.845	Firmicutes	4599.0	0
scf7180000232560	2292	0.3425	0	274.189	Firmicutes	4106.0	0
scf7180000232561	1819	0.3546	0	133.405	Firmicutes	3288.0	0
scf7180000232562	1686	0.3826	0	100.222	Ascomycota	3109.0	0
scf7180000232563	2475	0.3293	0	224.048	Firmicutes	4423.0	0
scf7180000232564	1712	0.3201	0	247.751	Firmicutes	3099.0	0
scf7180000232565	4022	0.3398	40	289.242	Firmicutes	4024.0	0
scf7180000232566	2031	0.3422	0	501.112	Firmicutes	3685.0	0
scf7180000232567	1533	0.3529	0	210.61	Firmicutes	2726.0	0
scf7180000232568	1794	0.3384	0	291.229	Firmicutes	3264.0	0
scf7180000232569	1587	0.3314	0	292.422	Firmicutes	2638.0	0
scf7180000232570	1235	0.4097	0	135.95	Firmicutes	1646.0	0
scf7180000232571	1500	0.3413	0	360.343	Firmicutes	2265.0	0
scf7180000232572	1611	0.3855	0	478.979	Ascomycota	2835.0	0
scf7180000232573	1337	0.3358	0	327.858	Firmicutes	2425.0	0
scf7180000232574	1298	0.3336	0	182.504	Firmicutes	2320.0	0
scf7180000232575	1081	0.3377	0	181.297	Firmicutes	1958.0	0
scf7180000232576	1135	0.4123	0	138.194	Ascomycota	2097.0	0
scf7180000232577	1223	0.3679	0	135.511	Ascomycota	2259.0	0
scf7180000232578	4700	0.3302	0	130.325	Firmicutes	7073.0	0
scf7180000232579	8550	0.3417	60	142.898	Firmicutes	8632.0	0
scf7180000232580	2556	0.4789	0	151.724	Ascomycota	4710.0	0
scf7180000232581	4399	0.3244	0	152.517	Firmicutes	7986.0	0
scf7180000232582	3570	0.3745	0	208.373	Ascomycota	6593.0	0
scf7180000232583	3915	0.3834	0	90.269	Ascomycota	7225.0	0
scf7180000232584	5367	0.3482	20	267.225	Firmicutes	5234.0	0
scf7180000232585	2028	0.3688	0	845.141	Firmicutes	3707.0	0
scf7180000232586	2274	0.3549	0	284.7	Firmicutes	4139.0	0
scf7180000232587	5224	0.397	20	94.28	Ascomycota	9492.0	0
scf7180000232588	3479	0.4007	0	97.209	Ascomycota	6397.0	0
scf7180000232589	1856	0.3798	0	353.185	Firmicutes	3343.0	0
scf7180000232590	2653	0.3453	0	149.667	Firmicutes	4844.0	0
scf7180000232591	3530	0.3439	0	141.559	Firmicutes	6237.0	0
scf7180000232592	1902	0.3375	0	188.262	Firmicutes	3315.0	0
scf7180000232593	3226	0.3763	0	105.489	Ascomycota	5941.0	0
scf7180000232594	2979	0.339	0	174.49	Firmicutes	5308.0	0
scf7180000232595	1349	0.3314	0	246.34	Firmicutes	2420.0	0
scf7180000232596	2144	0.3582	0	303.354	Firmicutes	3675.0	0
scf7180000232597	1739	0.356	0	220.275	Firmicutes	3029.0	0
scf7180000232598	2326	0.439	0	172.123	Ascomycota	4296.0	0
scf7180000232599	1421	0.349	0	168.269	Firmicutes	2558.0	0
scf7180000232600	1765	0.3518	0	168.832	Firmicutes	3201.0	0
scf7180000232601	1574	0.3463	0	215.965	Firmicutes	2819.0	0
scf7180000232602	1561	0.3568	0	150.334	Firmicutes	2772.0	0
scf7180000232603	2076	0.4118	0	65.022	Ascomycota	3666.0	0
scf7180000232604	1716	0.3502	0	241.662	Firmicutes	3147.0	0
scf7180000232605	1578	0.3175	0	180.062	Firmicutes	2837.0	0
scf7180000232606	2780	0.3402	20	146.856	Firmicutes	4896.0	0
scf7180000232607	1566	0.3269	0	122.435	Firmicutes	2736.0	0
scf7180000232608	1321	0.355	0	240.509	Firmicutes	2355.0	0
scf7180000232609	1332	0.3581	0	178.035	Firmicutes	2372.0	0
scf7180000232610	4128	0.3362	0	408.823	Firmicutes	6122.0	0
scf7180000232611	1250	0.3408	0	250.327	Firmicutes	2237.0	0
scf7180000232612	1203	0.3599	0	383.038	Firmicutes	2161.0	0
scf7180000232613	1836	0.348	0	146.983	Firmicutes	3247.0	0
scf7180000232614	3784	0.403	20	91.166	Ascomycota	6741.0	0
scf7180000232615	1284	0.3481	0	149.313	Firmicutes	2272.0	0
scf7180000232616	1619	0.4237	0	72.267	Ascomycota	2852.0	0
scf7180000232617	1915	0.329	0	395.032	Firmicutes	3417.0	0
scf7180000232618	2196	0.3393	0	196.172	Firmicutes	3912.0	0
scf7180000232619	1728	0.3171	0	133.667	Firmicutes	3073.0	0
scf7180000232620	1542	0.3346	0	148.271	Firmicutes	2638.0	0
scf7180000232621	1281	0.4738	0	131.436	Ascomycota	2366.0	0
scf7180000232622	1627	0.3497	0	295.012	Firmicutes	2772.0	0
scf7180000232623	1524	0.3287	0	114.856	Firmicutes	2699.0	0
scf7180000232624	1594	0.3156	0	140.114	Firmicutes	2839.0	0
scf7180000232625	1122	0.3298	0	136.925	Firmicutes	2012.0	0
scf7180000232626	1437	0.3368	0	81.81	Firmicutes	2505.0	0
scf7180000232627	1200	0.3392	0	145.938	Firmicutes	2128.0	0
scf7180000232628	1390	0.3273	0	149.309	Firmicutes	2490.0	0
scf7180000232629	1108	0.3439	0	182.586	Firmicutes	2008.0	0
scf7180000232630	1045	0.3359	0	126.803	Firmicutes	1864.0	0
scf7180000232631	1355	0.3941	0	57.252	Ascomycota	2486.0	0
scf7180000232632	2427	0.3721	0	43.39	Ascomycota	4477.0	0
scf7180000232633	1647	0.3825	0	45.463	Ascomycota	3014.0	0
scf7180000232634	2076	0.4143	0	59.028	Ascomycota	3829.0	0
scf7180000232635	1613	0.4172	0	28.142	Ascomycota	2946.0	0
scf7180000232636	1457	0.3672	0	188.74	Ascomycota	2590.0	0
scf7180000232637	1845	0.3659	0	273.653	Firmicutes	3280.0	0
scf7180000232638	1308	0.4029	0	203.802	Ascomycota	2327.0	0
scf7180000232639	2751	0.2559	0	280.06	Firmicutes	4397.0	0
scf7180000232640	1570	0.3573	0	253.999	Firmicutes	2527.0	0
scf7180000232641	2736	0.4013	0	147.714	Ascomycota	4981.0	0
scf7180000232642	1723	0.3424	0	180.788	Firmicutes	3072.0	0
scf7180000232643	1136	0.3239	0	151.081	Firmicutes	2087.0	0
scf7180000232644	1305	0.3609	0	148.301	Ascomycota	2335.0	0
scf7180000232645	1969	0.3139	0	138.816	Firmicutes	3410.0	0
scf7180000232646	2814	0.3479	0	285.59	Firmicutes	5081.0	0
scf7180000232647	2573	0.382	0	107.404	Ascomycota	4719.0	0
scf7180000232648	1796	0.4176	0	79.082	Ascomycota	3295.0	0
scf7180000232649	1331	0.3621	0	267.845	Firmicutes	963.0	0
scf7180000232650	1540	0.3481	0	310.088	Firmicutes	2756.0	0
scf7180000232651	2489	0.3471	0	139.118	Firmicutes	4270.0	0
scf7180000232652	1242	0.3366	0	216.786	Firmicutes	2172.0	0
scf7180000232653	2384	0.388	0	52.299	Ascomycota	4375.0	0
scf7180000232654	2341	0.3332	0	218.938	Firmicutes	4205.0	0
scf7180000232655	1615	0.3715	0	141.79	Ascomycota	2948.0	0
scf7180000232656	1429	0.3359	0	382.608	Firmicutes	2534.0	0
scf7180000232657	1870	0.3096	0	133.22	Firmicutes	3321.0	0
scf7180000232658	1176	0.3563	0	167.748	Firmicutes	1986.0	0
scf7180000232659	1320	0.3371	0	155.147	Ascomycota	2427.0	0
scf7180000232660	1263	0.3262	0	125.489	Firmicutes	2058.0	0
scf7180000232661	4158	0.3987	20	66.165	Ascomycota	7526.0	0
scf7180000232662	1422	0.3136	0	88.06	Firmicutes	2532.0	0
scf7180000232663	6561	0.4137	0	140.328	Ascomycota	11908.0	0
scf7180000232664	2695	0.3377	0	318.748	Firmicutes	4780.0	0
scf7180000232665	3808	0.3831	0	86.178	Ascomycota	6994.0	0
scf7180000232666	2915	0.3564	0	226.667	Firmicutes	5190.0	0
scf7180000232667	2953	0.4155	0	120.154	Ascomycota	5448.0	0
scf7180000232668	2816	0.3683	0	121.255	Ascomycota	5195.0	0
scf7180000232669	2754	0.374	0	131.092	Ascomycota	5086.0	0
scf7180000232670	3166	0.3528	0	259.63	Firmicutes	5742.0	0
scf7180000232671	3129	0.3356	0	141.199	Firmicutes	5707.0	0
scf7180000232672	3052	0.3771	0	86.021	Ascomycota	5637.0	0
scf7180000232673	2420	0.4322	0	84.906	Ascomycota	4464.0	0
scf7180000232674	2223	0.4017	0	96.936	Ascomycota	4067.0	0
scf7180000232675	2002	0.4416	0	139.061	Ascomycota	3670.0	0
scf7180000232676	1742	0.3513	0	424.783	Firmicutes	3110.0	0
scf7180000232677	2923	0.388	0	43.365	Ascomycota	5398.0	0
scf7180000232678	1726	0.3355	0	274.892	Firmicutes	3116.0	0
scf7180000232679	2555	0.4247	0	66.604	Ascomycota	4719.0	0
scf7180000232680	1782	0.3389	0	162.395	Firmicutes	3164.0	0
scf7180000232681	2683	0.3246	0	187.476	Firmicutes	4861.0	0
scf7180000232682	3282	0.3208	0	146.167	Firmicutes	5035.0	0
scf7180000232683	1715	0.277	0	173.202	Firmicutes	3168.0	0
scf7180000232684	2274	0.3654	0	72.1	Ascomycota	4189.0	0
scf7180000232685	2509	0.3189	0	155.825	Firmicutes	4584.0	0
scf7180000232686	2417	0.4286	0	49.729	Ascomycota	4447.0	0
scf7180000232687	2093	0.4434	0	51.877	Ascomycota	3843.0	0
scf7180000232688	1692	0.3457	0	114.352	Firmicutes	3025.0	0
scf7180000232689	1694	0.3146	0	177.668	Firmicutes	2896.0	0
scf7180000232690	2847	0.3632	0	45.714	Ascomycota	5258.0	0
scf7180000232691	2906	0.3121	0	98.093	Firmicutes	5162.0	0
scf7180000232692	2717	0.3073	0	93.298	Firmicutes	1005.0	0
scf7180000232693	2012	0.3489	0	65.591	Ascomycota	3705.0	0
scf7180000232694	1396	0.3317	0	168.103	Firmicutes	2556.0	0
scf7180000232695	2027	0.2531	0	125.958	Firmicutes	3744.0	0
scf7180000232696	1672	0.3373	0	187.978	Firmicutes	2994.0	0
scf7180000232697	1842	0.3464	0	177.485	Firmicutes	3369.0	0
scf7180000232698	2203	0.4131	0	45.877	Ascomycota	4063.0	0
scf7180000232699	1363	0.3147	0	145.831	Firmicutes	2435.0	0
scf7180000232700	2725	0.3927	0	53.968	Ascomycota	5011.0	0
scf7180000232701	1652	0.3947	0	82.75	Ascomycota	3051.0	0
scf7180000232702	5370	0.3698	80	110.671	Ascomycota	5557.0	0
scf7180000232703	2550	0.3329	0	157.364	Firmicutes	4477.0	0
scf7180000232704	2014	0.3808	0	106.644	Ascomycota	3720.0	0
scf7180000232705	1143	0.3395	0	143.97	Firmicutes	2026.0	0
scf7180000232706	2106	0.3181	0	118.025	Firmicutes	3790.0	0
scf7180000232707	1766	0.4003	0	101.009	Ascomycota	3240.0	0
scf7180000232708	2351	0.3811	0	94.102	Ascomycota	4342.0	0
scf7180000232709	1725	0.3299	0	228.847	Firmicutes	3131.0	0
scf7180000232710	1830	0.4503	0	41.31	Ascomycota	3380.0	0
scf7180000232711	2197	0.3769	0	40.789	Ascomycota	4058.0	0
scf7180000232712	1481	0.4294	0	73.14	Ascomycota	2736.0	0
scf7180000232713	1905	0.4325	0	42.427	Ascomycota	3518.0	0
scf7180000232714	2110	0.3085	0	105.235	Firmicutes	3792.0	0
scf7180000232715	1538	0.3277	0	119.602	Firmicutes	2724.0	0
scf7180000232716	1884	0.422	0	45.152	Ascomycota	3480.0	0
scf7180000232717	1792	0.4565	0	41.929	Ascomycota	3310.0	0
scf7180000232718	1433	0.3643	0	57.29	Ascomycota	2647.0	0
scf7180000232719	2034	0.3751	0	54.918	Ascomycota	3757.0	0
scf7180000232720	1958	0.2972	0	89.832	Firmicutes	872.0	0
scf7180000232721	1427	0.4022	0	65.704	Ascomycota	2630.0	0
scf7180000232722	1633	0.3748	0	44.503	Ascomycota	3011.0	0
scf7180000232723	1738	0.3585	0	44.731	Ascomycota	3199.0	0
scf7180000232724	2033	0.3404	0	267.29	Firmicutes	3672.0	0
scf7180000232725	1943	0.3803	0	44.373	Ascomycota	3578.0	0
scf7180000232726	1371	0.3815	0	66.166	Ascomycota	2516.0	0
scf7180000232727	2385	0.3816	0	54.929	Ascomycota	4405.0	0
scf7180000232728	2094	0.3873	0	41.875	Ascomycota	3851.0	0
scf7180000232729	1953	0.4014	0	29.869	Ascomycota	3607.0	0
scf7180000232730	2271	0.391	0	37.408	Ascomycota	4189.0	0
scf7180000232731	1959	0.3711	0	36.153	Ascomycota	3618.0	0
scf7180000232732	3643	0.4625	0	37.453	Ascomycota	6700.0	0
scf7180000232733	1626	0.3567	0	42.86	Ascomycota	3003.0	0
scf7180000232734	1981	0.4149	0	34.03	Ascomycota	3642.0	0
scf7180000232735	1533	0.3803	0	39.68	Ascomycota	2820.0	0
scf7180000232736	1518	0.4091	0	38.38	Ascomycota	2782.0	0
scf7180000232737	1836	0.415	0	34.85	Ascomycota	3391.0	0
scf7180000232738	1576	0.4086	0	37.635	Ascomycota	2911.0	0
scf7180000232739	2288	0.3855	0	36.072	Ascomycota	4226.0	0
scf7180000232740	1420	0.3951	0	37.52	Ascomycota	2612.0	0
scf7180000232741	2125	0.3788	0	40.68	Ascomycota	3925.0	0
scf7180000232742	1470	0.3735	0	36.105	Ascomycota	2715.0	0
scf7180000232743	1770	0.3881	0	36.427	Ascomycota	3269.0	0
scf7180000232744	1621	0.4139	0	31.349	Ascomycota	2994.0	0
scf7180000232745	2404	0.3814	0	33.81	Ascomycota	4423.0	0
scf7180000232746	1910	0.4	0	34.261	Ascomycota	3522.0	0
scf7180000232747	2019	0.4012	0	44.709	Ascomycota	3707.0	0
scf7180000232748	1271	0.3784	0	44.948	Ascomycota	2348.0	0
scf7180000232749	1352	0.4497	0	38.74	Ascomycota	2497.0	0
scf7180000232750	1540	0.339	0	34.408	Ascomycota	2844.0	0
scf7180000232751	1338	0.3976	0	30.664	Ascomycota	2438.0	0
scf7180000232752	1505	0.3841	0	31.62	Ascomycota	2763.0	0
scf7180000232753	1554	0.3925	0	35.382	Ascomycota	2870.0	0
scf7180000232754	1569	0.3697	0	31.625	Ascomycota	2870.0	0
scf7180000232755	1213	0.4336	0	36.184	Ascomycota	2230.0	0
scf7180000232756	1721	0.3672	0	29.673	Ascomycota	3173.0	0
scf7180000232757	1524	0.4009	0	31.464	Ascomycota	2809.0	0
scf7180000232758	1634	0.4113	0	29.927	Ascomycota	3018.0	0
scf7180000232759	1667	0.4109	0	31.106	Ascomycota	3068.0	0
scf7180000232760	1904	0.3692	0	33.356	Ascomycota	3517.0	0
scf7180000232761	1717	0.4141	0	31.619	Ascomycota	3155.0	0
scf7180000232762	1291	0.3679	0	31.343	Ascomycota	2385.0	0
scf7180000232763	1505	0.3449	0	31.235	Ascomycota	2769.0	0
scf7180000232764	2051	0.4091	0	27.098	Ascomycota	3771.0	0
scf7180000232765	1557	0.3866	0	31.065	Ascomycota	2870.0	0
scf7180000232766	1258	0.3402	0	30.732	Ascomycota	2307.0	0
scf7180000232767	1626	0.3899	0	33.116	Ascomycota	2992.0	0
scf7180000232768	1866	0.4073	0	32.591	Ascomycota	3446.0	0
scf7180000232769	1407	0.3859	0	28.483	Ascomycota	2593.0	0
scf7180000232770	3427	0.354	0	416.837	Firmicutes	6152.0	0
scf7180000232771	1428	0.3782	0	144.334	Firmicutes	2178.0	0
scf7180000232772	2575	0.3526	0	174.121	Firmicutes	3195.0	0
scf7180000232773	2024	0.3478	0	171.328	Viruses-undef	3491.0	0
scf7180000232774	1213	0.3421	0	172.985	Firmicutes	2191.0	0
scf7180000232775	2636	0.3524	0	288.189	Firmicutes	4715.0	0
scf7180000232776	2104	0.3279	0	311.802	Firmicutes	3831.0	0
scf7180000232777	2480	0.3339	0	169.35	Firmicutes	4309.0	0
scf7180000232778	1608	0.3383	0	221.448	Firmicutes	2647.0	0
scf7180000232779	2285	0.3199	0	305.473	Firmicutes	4026.0	0
scf7180000232780	2563	0.3324	0	185.832	Firmicutes	4634.0	0
scf7180000232781	2247	0.3467	0	601.721	Firmicutes	3986.0	0
scf7180000232782	1342	0.3443	0	255.56	Firmicutes	2401.0	0
scf7180000232783	1591	0.4287	0	69.591	Ascomycota	2892.0	0
scf7180000232784	2025	0.3872	0	47.312	Ascomycota	3712.0	0
scf7180000232785	1683	0.4034	0	40.682	Ascomycota	2887.0	0
scf7180000232786	1222	0.392	0	37.876	Ascomycota	2257.0	0
scf7180000232787	2920	0.401	0	63.383	Ascomycota	5393.0	0
scf7180000232788	2300	0.3122	0	154.522	Firmicutes	4082.0	0
scf7180000232789	2451	0.3325	0	133.731	Firmicutes	4394.0	0
scf7180000232790	2199	0.3711	0	59.196	Ascomycota	4061.0	0
scf7180000232791	1891	0.3374	0	203.053	Firmicutes	3421.0	0
scf7180000232792	2301	0.2816	0	348.738	Firmicutes	4071.0	0
scf7180000232793	1859	0.3265	0	232.433	Firmicutes	3356.0	0
scf7180000232794	2146	0.4091	0	45.148	Ascomycota	3947.0	0
scf7180000232795	3367	0.3124	0	132.229	Firmicutes	6034.0	0
scf7180000232796	2094	0.3816	0	31.823	Ascomycota	3868.0	0
scf7180000232797	2181	0.4081	0	37.961	Ascomycota	4028.0	0
scf7180000232798	1941	0.3818	0	39.271	Ascomycota	3579.0	0
scf7180000232799	1411	0.4096	0	45.585	Ascomycota	2606.0	0
scf7180000232800	2365	0.3882	0	31.63	Ascomycota	4346.0	0
scf7180000232801	1931	0.3941	0	38.027	Ascomycota	3567.0	0
scf7180000232802	2902	0.4011	0	31.809	Ascomycota	5349.0	0
scf7180000232803	3033	0.4026	0	34.318	Ascomycota	5602.0	0
scf7180000232804	1895	0.3979	0	38.962	Ascomycota	3500.0	0
scf7180000232805	2035	0.3848	0	38.827	Ascomycota	3759.0	0
scf7180000232806	1513	0.4157	0	34.656	Ascomycota	2795.0	0
scf7180000232807	1753	0.4016	0	30.725	Ascomycota	3232.0	0
scf7180000232808	2384	0.4107	0	32.072	Ascomycota	4397.0	0
scf7180000232809	1241	0.4174	0	36.968	Ascomycota	2292.0	0
scf7180000232810	1452	0.3864	0	29.897	Ascomycota	2676.0	0
scf7180000232811	1408	0.3892	0	33.082	Ascomycota	2595.0	0
scf7180000232812	1881	0.3833	0	26.708	Ascomycota	3474.0	0
scf7180000232813	2566	0.3414	0	512.217	Firmicutes	4684.0	0
scf7180000232814	2604	0.3433	0	300.793	Firmicutes	4798.0	0
scf7180000232815	2596	0.3367	0	228.792	Firmicutes	4684.0	0
scf7180000232816	1750	0.3543	0	137.978	Firmicutes	2734.0	0
scf7180000232817	3336	0.3723	0	88.376	Ascomycota	6161.0	0
scf7180000232818	4702	0.4022	0	46.923	Ascomycota	8623.0	0
scf7180000232819	3297	0.386	20	56.342	Ascomycota	5952.0	0
scf7180000232820	3668	0.3828	0	45.077	Ascomycota	6754.0	0
scf7180000232821	1697	0.3936	0	81.126	Ascomycota	3134.0	0
scf7180000232822	2356	0.3739	0	49.407	Ascomycota	4340.0	0
scf7180000232823	2394	0.3972	0	40.765	Ascomycota	4388.0	0
scf7180000232824	1879	0.3869	0	36.519	Ascomycota	3470.0	0
scf7180000232825	2202	0.3919	0	30.607	Ascomycota	4061.0	0
scf7180000232826	2253	0.3711	0	36.827	Ascomycota	4156.0	0
scf7180000232827	1694	0.3932	0	26.881	Ascomycota	3118.0	0
scf7180000232828	2694	0.2821	0	310.228	Firmicutes	3103.0	0
scf7180000232829	2927	0.4107	0	52.298	Ascomycota	4279.0	0
scf7180000232830	3222	0.3839	0	54.639	Ascomycota	5912.0	0
scf7180000232831	2018	0.3518	0	200.337	Firmicutes	3511.0	0
scf7180000232832	1088	0.3511	0	187.991	Firmicutes	1938.0	0
scf7180000232833	2068	0.3196	0	88.289	Firmicutes	3262.0	0
scf7180000232834	2423	0.3648	0	167.935	Firmicutes	4213.0	0
scf7180000232835	2156	0.3711	0	139.805	Ascomycota	3960.0	0
scf7180000232836	2164	0.3577	0	316.411	Firmicutes	3880.0	0
scf7180000232837	1495	0.2923	0	151.12	Firmicutes	2723.0	0
scf7180000232838	4231	0.3751	0	31.16	Ascomycota	7781.0	0
scf7180000232839	2334	0.3792	0	362.081	Ascomycota	4145.0	0
scf7180000232840	2017	0.352	0	916.404	Firmicutes	3592.0	0
scf7180000232841	1923	0.4228	0	56.499	Ascomycota	2964.0	0
scf7180000232842	2623	0.4003	0	29.726	Ascomycota	4817.0	0
scf7180000232843	1968	0.3598	0	126.301	Ascomycota	3518.0	0
scf7180000232844	1485	0.363	0	468.869	Firmicutes	2261.0	0
scf7180000232845	3162	0.3776	0	296.138	Firmicutes	4663.0	0
scf7180000232846	2584	0.317	0	215.968	Firmicutes	4529.0	0
scf7180000232847	10453	0.4039	140	86.707	Ascomycota	4972.0	0
scf7180000232848	3919	0.3638	40	130.431	Ascomycota	3829.0	0