## blobtools v1.0
## assembly	: /home/amir/gasp/celera_assemblies/Sefale.mer22.scf.fasta
## coverage	: bam0 - /home/amir/gasp/mapping/Sefale_celera_22.bam
## taxonomy	: tax0 - /home/amir/gasp/blast/Sefale_celera_22.txt
## nodesDB	: /home/amir/gasp/blobtools/data/nodesDB.txt
## taxrule	: bestsum
## min_score	: 0.0
## min_diff	: 0.0
## tax_collision_random	: False
##
# name	length	GC	N	bam0	phylum.t.6	phylum.s.7	phylum.c.8
scf7180000032193	1347	0.4098	0	68.968	Ascomycota	2471.0	0
scf7180000032194	8713	0.3518	80	46.752	Ascomycota	5810.0	0
scf7180000032195	8638	0.3693	40	80.485	Ascomycota	10065.0	0
scf7180000032196	6305	0.3955	40	161.682	Ascomycota	11306.0	0
scf7180000032197	15013	0.3893	20	50.818	Ascomycota	27590.0	0
scf7180000032198	45874	0.3815	160	50.857	Ascomycota	28169.0	0
scf7180000032199	10977	0.3706	0	46.23	Ascomycota	20183.0	0
scf7180000032200	10297	0.382	0	51.855	Ascomycota	18860.0	0
scf7180000032201	24773	0.3734	100	44.398	Ascomycota	18561.0	0
scf7180000032202	16850	0.3806	40	50.991	Ascomycota	17117.0	0
scf7180000032203	15876	0.3873	40	51.487	Ascomycota	28895.0	0
scf7180000032204	13410	0.4026	40	54.743	Ascomycota	16004.0	0
scf7180000032205	22980	0.3796	100	51.259	Ascomycota	20980.0	0
scf7180000032206	13755	0.3983	20	46.62	Ascomycota	15298.0	0
scf7180000032207	18227	0.3872	20	48.331	Ascomycota	17656.0	0
scf7180000032208	44158	0.3791	260	54.569	Ascomycota	15459.0	0
scf7180000032209	4630	0.3739	0	51.585	Ascomycota	8523.0	0
scf7180000032210	20465	0.3868	60	48.515	Ascomycota	36871.0	0
scf7180000032211	7593	0.3668	0	52.078	Ascomycota	13911.0	0
scf7180000032212	17417	0.3923	80	50.586	Ascomycota	12194.0	0
scf7180000032213	20743	0.3912	80	49.817	Ascomycota	17830.0	0
scf7180000032214	16036	0.3785	40	52.229	Ascomycota	14345.0	0
scf7180000032215	7101	0.3712	0	45.848	Ascomycota	13029.0	0
scf7180000032216	16221	0.36	40	47.754	Ascomycota	17961.0	0
scf7180000032217	12102	0.393	80	52.431	Ascomycota	15764.0	0
scf7180000032218	9266	0.3823	20	49.006	Ascomycota	16934.0	0
scf7180000032219	5619	0.3855	0	56.251	Ascomycota	10305.0	0
scf7180000032220	6752	0.3821	0	54.389	Ascomycota	12309.0	0
scf7180000032221	5860	0.3956	0	58.156	Ascomycota	10724.0	0
scf7180000032222	10272	0.3857	80	51.311	Ascomycota	10458.0	0
scf7180000032223	9033	0.3706	40	44.509	Ascomycota	10791.0	0
scf7180000032224	15797	0.3814	80	46.644	Ascomycota	21278.0	0
scf7180000032225	6509	0.3792	0	47.838	Ascomycota	11941.0	0
scf7180000032226	9422	0.3784	20	47.563	Ascomycota	11714.0	0
scf7180000032227	6758	0.3742	0	43.533	Ascomycota	12408.0	0
scf7180000032228	13466	0.3684	80	48.299	Ascomycota	11598.0	0
scf7180000032229	11266	0.3905	40	44.232	Ascomycota	12229.0	0
scf7180000032230	8041	0.38	20	48.749	Ascomycota	14720.0	0
scf7180000032231	25167	0.3898	180	43.947	Ascomycota	11156.0	0
scf7180000032232	15757	0.3771	120	47.314	Ascomycota	20072.0	0
scf7180000032233	15655	0.3792	60	49.22	Ascomycota	13874.0	0
scf7180000032234	26106	0.3675	140	49.733	Ascomycota	11620.0	0
scf7180000032235	12730	0.4032	80	54.256	Ascomycota	9407.0	0
scf7180000032236	10429	0.3666	40	50.965	Ascomycota	10469.0	0
scf7180000032237	8135	0.418	20	53.336	Ascomycota	10229.0	0
scf7180000032238	13982	0.3925	120	50.511	Ascomycota	10205.0	0
scf7180000032239	11724	0.403	60	52.879	Ascomycota	10214.0	0
scf7180000032240	17750	0.3721	60	52.706	Ascomycota	15014.0	0
scf7180000032241	11075	0.3719	40	50.501	Ascomycota	10266.0	0
scf7180000032242	7995	0.3843	40	45.476	Ascomycota	10192.0	0
scf7180000032243	34121	0.3915	240	49.23	Ascomycota	9851.0	0
scf7180000032244	5599	0.3835	0	62.698	Ascomycota	5114.0	0
scf7180000032245	20619	0.3681	100	45.939	Ascomycota	25342.0	0
scf7180000032246	2917	0.3678	0	89.399	Ascomycota	5171.0	0
scf7180000032247	18228	0.3774	80	46.523	Ascomycota	9782.0	0
scf7180000032248	5826	0.3855	0	45.361	Ascomycota	10541.0	0
scf7180000032249	11975	0.3734	60	47.696	Ascomycota	12137.0	0
scf7180000032250	8690	0.3802	40	57.104	Ascomycota	8576.0	0
scf7180000032251	11391	0.3709	60	46.881	Ascomycota	9243.0	0
scf7180000032252	19113	0.3655	20	44.812	Ascomycota	24653.0	0
scf7180000032253	18200	0.3842	80	49.592	Ascomycota	13817.0	0
scf7180000032254	5009	0.3899	0	52.563	Ascomycota	9184.0	0
scf7180000032255	19141	0.3792	100	46.504	Ascomycota	16327.0	0
scf7180000032256	7264	0.3774	20	52.443	Ascomycota	9154.0	0
scf7180000032257	23710	0.3787	100	49.956	Ascomycota	20295.0	0
scf7180000032258	7325	0.4026	40	48.85	Ascomycota	9350.0	0
scf7180000032259	6661	0.3798	20	42.546	Ascomycota	9598.0	0
scf7180000032260	12942	0.3998	40	44.332	Ascomycota	9419.0	0
scf7180000032261	5428	0.3762	0	45.337	Ascomycota	9956.0	0
scf7180000032262	5246	0.3782	0	44.81	Ascomycota	9638.0	0
scf7180000032263	10584	0.3795	40	48.553	Ascomycota	9430.0	0
scf7180000032264	7081	0.3805	20	51.918	Ascomycota	8392.0	0
scf7180000032265	11512	0.3762	40	46.833	Ascomycota	12761.0	0
scf7180000032266	4165	0.4211	0	60.258	Ascomycota	7609.0	0
scf7180000032267	5563	0.3623	40	45.474	Ascomycota	5445.0	0
scf7180000032268	7113	0.3581	40	50.521	Ascomycota	12803.0	0
scf7180000032269	5820	0.3971	20	54.027	Ascomycota	8600.0	0
scf7180000032270	10942	0.3857	40	47.969	Ascomycota	14067.0	0
scf7180000032271	11808	0.3607	60	68.428	Ascomycota	9631.0	0
scf7180000032272	8866	0.3854	20	56.174	Ascomycota	8501.0	0
scf7180000032273	6999	0.4117	40	53.677	Ascomycota	7886.0	0
scf7180000032274	6788	0.4397	20	56.286	Ascomycota	7806.0	0
scf7180000032275	9979	0.3786	20	44.154	Ascomycota	10159.0	0
scf7180000032276	4879	0.372	0	49.462	Ascomycota	8988.0	0
scf7180000032277	6194	0.3869	40	52.887	Ascomycota	8078.0	0
scf7180000032278	6691	0.3823	20	48.293	Ascomycota	11965.0	0
scf7180000032279	14209	0.3784	140	45.421	Ascomycota	10920.0	0
scf7180000032280	14984	0.3725	100	47.952	Ascomycota	12920.0	0
scf7180000032281	6819	0.3732	40	45.327	Ascomycota	8578.0	0
scf7180000032282	22334	0.3967	180	49.787	Ascomycota	11420.0	0
scf7180000032283	17861	0.3702	120	44.103	Ascomycota	9444.0	0
scf7180000032284	7251	0.3694	20	48.654	Ascomycota	13234.0	0
scf7180000032285	11759	0.3579	40	44.572	Ascomycota	8191.0	0
scf7180000032286	10420	0.3827	60	47.733	Ascomycota	8565.0	0
scf7180000032287	26562	0.382	80	47.909	Ascomycota	19202.0	0
scf7180000032288	4627	0.3888	0	46.156	Ascomycota	8506.0	0
scf7180000032289	4346	0.3557	0	49.855	Ascomycota	7971.0	0
scf7180000032290	8402	0.3638	40	45.979	Ascomycota	8419.0	0
scf7180000032291	3325	0.387	20	49.01	Ascomycota	5537.0	0
scf7180000032292	7909	0.3713	40	45.323	Ascomycota	7877.0	0
scf7180000032293	10867	0.3683	20	52.433	Ascomycota	12558.0	0
scf7180000032294	4702	0.3941	0	46.184	Ascomycota	8672.0	0
scf7180000032295	4714	0.3994	20	58.909	Ascomycota	8575.0	0
scf7180000032296	12928	0.3497	40	42.978	Ascomycota	11171.0	0
scf7180000032297	8485	0.3939	20	48.531	Ascomycota	8255.0	0
scf7180000032298	14741	0.3943	120	50.388	Ascomycota	11917.0	0
scf7180000032299	4332	0.3509	0	50.207	Ascomycota	7945.0	0
scf7180000032300	18726	0.3682	100	46.273	Ascomycota	22142.0	0
scf7180000032301	18675	0.3672	80	41.768	Ascomycota	10837.0	0
scf7180000032302	10993	0.3829	20	50.823	Ascomycota	20005.0	0
scf7180000032303	27619	0.3892	180	46.129	Ascomycota	10266.0	0
scf7180000032304	13079	0.3786	80	43.597	Ascomycota	19023.0	0
scf7180000032305	17118	0.3851	140	46.135	Ascomycota	14048.0	0
scf7180000032306	3726	0.3833	0	53.409	Ascomycota	6837.0	0
scf7180000032307	4216	0.3736	0	50.982	Ascomycota	7703.0	0
scf7180000032308	3701	0.4202	0	48.268	Ascomycota	6785.0	0
scf7180000032309	18878	0.3824	100	50.108	Ascomycota	13433.0	0
scf7180000032310	6342	0.394	40	51.978	Ascomycota	7705.0	0
scf7180000032311	14538	0.3739	100	47.014	Ascomycota	8008.0	0
scf7180000032312	14279	0.3822	160	49.509	Ascomycota	9660.0	0
scf7180000032313	4634	0.3873	20	42.113	Ascomycota	7047.0	0
scf7180000032314	10053	0.3852	80	48.55	Ascomycota	7323.0	0
scf7180000032315	14865	0.3842	100	47.067	Ascomycota	13116.0	0
scf7180000032316	9345	0.3804	60	51.296	Ascomycota	7485.0	0
scf7180000032317	25333	0.3841	160	49.486	Ascomycota	12936.0	0
scf7180000032318	5803	0.3833	40	48.843	Ascomycota	7001.0	0
scf7180000032319	3927	0.3899	0	55.124	Ascomycota	7204.0	0
scf7180000032320	6023	0.3784	40	61.192	Ascomycota	6124.0	0
scf7180000032321	44552	0.3849	240	46.486	Ascomycota	23918.0	0
scf7180000032322	21285	0.3859	160	48.388	Ascomycota	11692.0	0
scf7180000032323	9928	0.3926	60	58.319	Ascomycota	7341.0	0
scf7180000032324	4015	0.3686	0	52.824	Ascomycota	7337.0	0
scf7180000032325	34846	0.3866	220	45.587	Ascomycota	12549.0	0
scf7180000032326	9473	0.4024	40	44.74	Ascomycota	7546.0	0
scf7180000032327	11278	0.3891	100	50.584	Ascomycota	7672.0	0
scf7180000032328	14356	0.3717	80	46.687	Ascomycota	15546.0	0
scf7180000032329	3399	0.3998	0	58.486	Ascomycota	6250.0	0
scf7180000032330	5540	0.3781	20	51.374	Ascomycota	7227.0	0
scf7180000032331	15827	0.3735	80	47.585	Ascomycota	15228.0	0
scf7180000032332	27284	0.3803	220	47.206	Ascomycota	13444.0	0
scf7180000032333	13939	0.3799	160	41.268	Ascomycota	10157.0	0
scf7180000032334	4075	0.3848	0	50.453	Ascomycota	7432.0	0
scf7180000032335	15246	0.3618	1651	46.393	Ascomycota	6953.0	0
scf7180000032336	18131	0.3769	180	44.806	Ascomycota	7119.0	0
scf7180000032337	10840	0.3847	60	48.587	Ascomycota	11856.0	0
scf7180000032338	5040	0.3586	60	56.172	Ascomycota	3747.0	0
scf7180000032339	12786	0.3802	100	46.06	Ascomycota	11394.0	0
scf7180000032340	3626	0.3731	0	51.323	Ascomycota	6652.0	0
scf7180000032341	3909	0.4052	0	47.291	Ascomycota	7186.0	0
scf7180000032342	4652	0.3709	20	51.233	Ascomycota	6340.0	0
scf7180000032343	18513	0.3908	80	52.148	Ascomycota	20356.0	0
scf7180000032344	4699	0.4285	20	60.227	Ascomycota	8517.0	0
scf7180000032345	26673	0.3822	140	46.208	Ascomycota	16000.0	0
scf7180000032346	13772	0.3678	60	47.066	Ascomycota	13496.0	0
scf7180000032347	29569	0.3801	160	44.836	Ascomycota	15527.0	0
scf7180000032348	5041	0.4077	20	50.602	Ascomycota	6336.0	0
scf7180000032349	9591	0.3816	80	48.988	Ascomycota	7337.0	0
scf7180000032350	13246	0.3829	60	50.385	Ascomycota	8298.0	0
scf7180000032351	3752	0.3715	0	50.304	Ascomycota	6907.0	0
scf7180000032352	17833	0.3709	60	42.688	Ascomycota	21931.0	0
scf7180000032353	24742	0.3859	160	45.46	Ascomycota	17525.0	0
scf7180000032354	9991	0.3928	20	51.049	Ascomycota	11788.0	0
scf7180000032355	4208	0.3498	0	41.937	Ascomycota	7727.0	0
scf7180000032356	29797	0.3876	100	50.99	Ascomycota	23728.0	0
scf7180000032357	3650	0.3844	0	49.282	Ascomycota	6735.0	0
scf7180000032358	10440	0.4197	40	53.815	Ascomycota	16406.0	0
scf7180000032359	23682	0.3745	120	48.258	Ascomycota	16192.0	0
scf7180000032360	3441	0.4092	0	51.976	Ascomycota	6255.0	0
scf7180000032361	30204	0.3833	180	47.722	Ascomycota	14229.0	0
scf7180000032362	11902	0.381	80	50.532	Ascomycota	9184.0	0
scf7180000032363	4314	0.3635	0	39.954	Ascomycota	7945.0	0
scf7180000032364	5251	0.3588	20	45.014	Ascomycota	6992.0	0
scf7180000032365	4005	0.3775	0	40.637	Ascomycota	7358.0	0
scf7180000032366	3758	0.3768	0	52.654	Ascomycota	6911.0	0
scf7180000032367	2690	0.368	0	75.827	Ascomycota	4891.0	0
scf7180000032368	4053	0.3578	0	42.582	Ascomycota	7474.0	0
scf7180000032369	15841	0.3723	60	46.054	Ascomycota	16052.0	0
scf7180000032370	5198	0.366	20	52.186	Ascomycota	7186.0	0
scf7180000032371	4835	0.4027	20	58.944	Ascomycota	5666.0	0
scf7180000032372	5656	0.3547	20	42.179	Ascomycota	7051.0	0
scf7180000032373	15550	0.3763	100	48.704	Ascomycota	14765.0	0
scf7180000032374	12760	0.3774	80	45.079	Ascomycota	7806.0	0
scf7180000032375	5298	0.4246	20	52.843	Ascomycota	5880.0	0
scf7180000032376	15552	0.3929	120	47.866	Ascomycota	6148.0	0
scf7180000032377	11931	0.3813	60	51.287	Ascomycota	10857.0	0
scf7180000032378	3590	0.3555	20	59.489	Ascomycota	3940.0	0
scf7180000032379	28627	0.3818	140	49.601	Ascomycota	16541.0	0
scf7180000032380	8224	0.3706	40	47.831	Ascomycota	11332.0	0
scf7180000032381	24368	0.3933	180	50.96	Ascomycota	15911.0	0
scf7180000032382	13620	0.3701	60	51.816	Ascomycota	9160.0	0
scf7180000032383	20586	0.4204	80	59.009	Ascomycota	25037.0	0
scf7180000032384	6074	0.3711	40	44.6	Ascomycota	7149.0	0
scf7180000032385	3306	0.3902	0	47.096	Ascomycota	6095.0	0
scf7180000032386	6189	0.4087	20	48.325	Ascomycota	11110.0	0
scf7180000032387	12814	0.3694	60	45.273	Ascomycota	18201.0	0
scf7180000032388	9650	0.3969	40	47.566	Ascomycota	7766.0	0
scf7180000032389	14484	0.3882	60	52.221	Ascomycota	18631.0	0
scf7180000032390	11994	0.3851	60	41.789	Ascomycota	12744.0	0
scf7180000032391	46037	0.3863	340	46.624	Ascomycota	11677.0	0
scf7180000032392	29918	0.3851	140	48.776	Ascomycota	20676.0	0
scf7180000032393	4441	0.3949	20	43.762	Ascomycota	6204.0	0
scf7180000032394	7175	0.3712	20	48.539	Ascomycota	7252.0	0
scf7180000032395	13226	0.3683	80	49.83	Ascomycota	7476.0	0
scf7180000032396	31388	0.3999	200	57.422	Ascomycota	14153.0	0
scf7180000032397	6622	0.3859	40	53.815	Ascomycota	12015.0	0
scf7180000032398	12521	0.3886	80	52.377	Ascomycota	9585.0	0
scf7180000032399	19397	0.3759	140	48.344	Ascomycota	12209.0	0
scf7180000032400	3576	0.3482	0	40.283	Ascomycota	6582.0	0
scf7180000032401	4352	0.3964	20	48.855	Ascomycota	6013.0	0
scf7180000032402	10025	0.4003	100	52.845	Ascomycota	7505.0	0
scf7180000032403	3083	0.3993	0	52.107	Ascomycota	5688.0	0
scf7180000032404	13039	0.3663	60	48.758	Ascomycota	15356.0	0
scf7180000032405	15557	0.3902	140	49.351	Ascomycota	7707.0	0
scf7180000032406	5139	0.3805	20	44.62	Ascomycota	7132.0	0
scf7180000032407	3494	0.3357	0	52.218	Ascomycota	6425.0	0
scf7180000032408	17254	0.3888	160	48.145	Ascomycota	6294.0	0
scf7180000032409	3020	0.4394	0	54.099	Ascomycota	5559.0	0
scf7180000032410	9409	0.4078	20	128.152	Ascomycota	8058.0	0
scf7180000032411	8777	0.3917	20	48.445	Ascomycota	16033.0	0
scf7180000032412	3201	0.3868	0	46.406	Ascomycota	5901.0	0
scf7180000032413	17279	0.3843	140	53.009	Ascomycota	15889.0	0
scf7180000032414	8561	0.3732	40	44.692	Ascomycota	9116.0	0
scf7180000032415	6388	0.3873	60	47.134	Ascomycota	5827.0	0
scf7180000032416	3515	0.3972	0	44.444	Ascomycota	6377.0	0
scf7180000032417	5931	0.3651	20	38.724	Ascomycota	6438.0	0
scf7180000032418	7800	0.3972	60	49.743	Ascomycota	10196.0	0
scf7180000032419	4992	0.3831	20	49.998	Ascomycota	5941.0	0
scf7180000032420	4723	0.3815	20	53.459	Ascomycota	5369.0	0
scf7180000032421	19919	0.3809	180	46.351	Ascomycota	14155.0	0
scf7180000032422	19700	0.3784	100	48.036	Ascomycota	14235.0	0
scf7180000032423	34220	0.3873	200	45.409	Ascomycota	15935.0	0
scf7180000032424	7881	0.3988	60	49.963	Ascomycota	7361.0	0
scf7180000032425	23400	0.3837	120	48.181	Ascomycota	13695.0	0
scf7180000032426	15083	0.3751	40	47.786	Ascomycota	12120.0	0
scf7180000032427	8924	0.3927	60	47.549	Ascomycota	6492.0	0
scf7180000032428	10076	0.3711	80	40.686	Ascomycota	8104.0	0
scf7180000032429	14064	0.3803	100	47.941	Ascomycota	11740.0	0
scf7180000032430	7130	0.387	40	55.202	Ascomycota	5219.0	0
scf7180000032431	3418	0.3707	0	45.002	Ascomycota	6279.0	0
scf7180000032432	3030	0.3795	0	52.328	Ascomycota	5529.0	0
scf7180000032433	2662	0.37	0	56.929	Ascomycota	4894.0	0
scf7180000032434	4309	0.4055	40	51.198	Ascomycota	5317.0	0
scf7180000032435	5103	0.3805	20	43.472	Ascomycota	5794.0	0
scf7180000032436	21192	0.376	160	43.401	Ascomycota	10624.0	0
scf7180000032437	14725	0.3855	120	47.906	Ascomycota	9214.0	0
scf7180000032438	25456	0.3775	140	42.761	Ascomycota	11341.0	0
scf7180000032439	14387	0.3853	160	47.903	Ascomycota	5611.0	0
scf7180000032440	3057	0.3939	0	47.815	Ascomycota	5609.0	0
scf7180000032441	5022	0.382	40	46.52	Ascomycota	5358.0	0
scf7180000032442	3138	0.4108	0	45.634	Ascomycota	5740.0	0
scf7180000032443	23177	0.3829	140	46.996	Ascomycota	10083.0	0
scf7180000032444	3858	0.371	20	54.697	Ascomycota	7018.0	0
scf7180000032445	4277	0.386	20	44.974	Ascomycota	5433.0	0
scf7180000032446	4623	0.3834	20	49.677	Ascomycota	5020.0	0
scf7180000032447	2957	0.4092	0	52.306	Ascomycota	5422.0	0
scf7180000032448	9743	0.3826	40	55.24	Ascomycota	14621.0	0
scf7180000032449	3039	0.3537	0	44.78	Ascomycota	5583.0	0
scf7180000032450	2950	0.4007	0	53.06	Ascomycota	5406.0	0
scf7180000032451	5841	0.3922	20	44.956	Ascomycota	5856.0	0
scf7180000032452	13421	0.3878	80	45.304	Ascomycota	7570.0	0
scf7180000032453	5804	0.3929	60	46.155	Ascomycota	5561.0	0
scf7180000032454	22908	0.3805	200	50.572	Ascomycota	11101.0	0
scf7180000032455	4683	0.3633	20	50.612	Ascomycota	5589.0	0
scf7180000032456	4111	0.3945	20	42.331	Ascomycota	5590.0	0
scf7180000032457	2965	0.4057	0	49.102	Ascomycota	5406.0	0
scf7180000032458	3575	0.3905	0	35.598	Ascomycota	6547.0	0
scf7180000032459	4720	0.3587	20	43.782	Ascomycota	5688.0	0
scf7180000032460	16149	0.3747	140	43.178	Ascomycota	6394.0	0
scf7180000032461	7000	0.4035	60	54.387	Ascomycota	4863.0	0
scf7180000032462	4163	0.3886	20	50.168	Ascomycota	7531.0	0
scf7180000032463	9572	0.3908	80	44.165	Ascomycota	7986.0	0
scf7180000032464	38484	0.3811	300	47.814	Ascomycota	15535.0	0
scf7180000032465	2244	0.4091	0	64.09	Ascomycota	4133.0	0
scf7180000032466	7286	0.3935	20	50.057	Ascomycota	8346.0	0
scf7180000032467	10267	0.3836	20	36.235	Ascomycota	12624.0	0
scf7180000032468	5593	0.3924	40	48.683	Ascomycota	4981.0	0
scf7180000032469	3197	0.3785	0	44.312	Ascomycota	5860.0	0
scf7180000032470	7569	0.3629	40	48.932	Ascomycota	11354.0	0
scf7180000032471	10774	0.3732	80	43.359	Ascomycota	14033.0	0
scf7180000032472	15895	0.3874	120	51.498	Ascomycota	9882.0	0
scf7180000032473	2555	0.3804	0	53.169	Ascomycota	4702.0	0
scf7180000032474	10740	0.4106	80	48.34	Ascomycota	11875.0	0
scf7180000032475	2684	0.3797	0	48.241	Ascomycota	4957.0	0
scf7180000032476	2398	0.3611	0	55.615	Ascomycota	4414.0	0
scf7180000032477	11700	0.4	60	63.834	Ascomycota	18399.0	0
scf7180000032478	5017	0.3612	20	45.391	Ascomycota	5240.0	0
scf7180000032479	3147	0.3823	0	45.835	Ascomycota	5784.0	0
scf7180000032480	8984	0.3891	60	43.394	Ascomycota	6678.0	0
scf7180000032481	3929	0.408	20	48.886	Ascomycota	7147.0	0
scf7180000032482	41766	0.3814	260	45.156	Ascomycota	22402.0	0
scf7180000032483	8311	0.4407	60	50.275	Ascomycota	5138.0	0
scf7180000032484	2434	0.4326	0	59.106	Ascomycota	4484.0	0
scf7180000032485	4019	0.3953	40	46.7	Ascomycota	4425.0	0
scf7180000032486	9318	0.3948	60	52.228	Ascomycota	13326.0	0
scf7180000032487	12470	0.3935	100	47.886	Ascomycota	7938.0	0
scf7180000032488	3016	0.3551	0	42.93	Ascomycota	5570.0	0
scf7180000032489	12580	0.3715	60	49.218	Ascomycota	7247.0	0
scf7180000032490	4979	0.3946	20	50.53	Ascomycota	5070.0	0
scf7180000032491	14730	0.3935	60	55.635	Ascomycota	8743.0	0
scf7180000032492	11660	0.3919	20	49.842	Ascomycota	16787.0	0
scf7180000032493	21074	0.3834	140	47.017	Ascomycota	18650.0	0
scf7180000032494	16731	0.3982	160	51.191	Ascomycota	6584.0	0
scf7180000032495	21105	0.3808	220	46.24	Ascomycota	18803.0	0
scf7180000032496	19881	0.3898	100	55.372	Ascomycota	17817.0	0
scf7180000032497	6400	0.3813	20	44.332	Ascomycota	7001.0	0
scf7180000032498	2725	0.3681	0	48.826	Ascomycota	5011.0	0
scf7180000032499	7005	0.3831	40	52.183	Ascomycota	5184.0	0
scf7180000032500	10286	0.3853	40	48.124	Ascomycota	13878.0	0
scf7180000032501	12765	0.3829	100	48.355	Ascomycota	7121.0	0
scf7180000032502	2842	0.4071	0	41.664	Ascomycota	5210.0	0
scf7180000032503	2601	0.3948	0	48.506	Ascomycota	4798.0	0
scf7180000032504	25088	0.38	160	55.37	Ascomycota	25124.0	0
scf7180000032505	21986	0.3865	120	46.736	Ascomycota	16999.0	0
scf7180000032506	8916	0.4122	80	52.218	Ascomycota	5891.0	0
scf7180000032507	33571	0.3831	240	47.835	Ascomycota	18316.0	0
scf7180000032508	8661	0.3831	40	48.079	Ascomycota	6484.0	0
scf7180000032509	4984	0.39	40	48.148	Ascomycota	5005.0	0
scf7180000032510	28955	0.381	220	50.009	Ascomycota	11629.0	0
scf7180000032511	2893	0.4068	0	41.908	Ascomycota	5332.0	0
scf7180000032512	13029	0.3812	120	45.999	Ascomycota	5245.0	0
scf7180000032513	2640	0.372	0	50.139	Ascomycota	4859.0	0
scf7180000032514	5975	0.3776	40	48.841	Ascomycota	10776.0	0
scf7180000032515	4327	0.4007	20	51.66	Ascomycota	3989.0	0
scf7180000032516	5762	0.3847	20	56.553	Ascomycota	9402.0	0
scf7180000032517	20981	0.3591	60	45.668	Ascomycota	19858.0	0
scf7180000032518	40798	0.3963	140	53.526	Ascomycota	23285.0	0
scf7180000032519	2673	0.3805	0	44.792	Ascomycota	4898.0	0
scf7180000032520	6443	0.3667	40	50.424	Ascomycota	4342.0	0
scf7180000032521	2632	0.3944	0	50.78	Ascomycota	4772.0	0
scf7180000032522	12815	0.3734	80	51.478	Ascomycota	12530.0	0
scf7180000032523	5315	0.3852	40	56.904	Ascomycota	4407.0	0
scf7180000032524	7138	0.3825	60	56.377	Ascomycota	5003.0	0
scf7180000032525	2429	0.3759	0	50.827	Ascomycota	4470.0	0
scf7180000032526	13059	0.3845	160	43.31	Ascomycota	4796.0	0
scf7180000032527	9680	0.4259	40	56.145	Ascomycota	9607.0	0
scf7180000032528	14237	0.3697	100	46.378	Ascomycota	16521.0	0
scf7180000032529	13678	0.3777	60	45.738	Ascomycota	15307.0	0
scf7180000032530	1961	0.4309	0	62.786	Ascomycota	3605.0	0
scf7180000032531	3560	0.3766	20	55.081	Ascomycota	4023.0	0
scf7180000032532	26299	0.4025	120	52.127	Ascomycota	16137.0	0
scf7180000032533	11140	0.3656	60	44.729	Ascomycota	11359.0	0
scf7180000032534	2638	0.3548	0	44.15	Ascomycota	4855.0	0
scf7180000032535	5052	0.4124	40	45.639	Ascomycota	4584.0	0
scf7180000032536	7138	0.3974	20	55.342	Ascomycota	7585.0	0
scf7180000032537	4454	0.3685	20	54.202	Ascomycota	4342.0	0
scf7180000032538	5369	0.3778	60	50.025	Ascomycota	4010.0	0
scf7180000032539	4783	0.393	40	47.136	Ascomycota	4237.0	0
scf7180000032540	3937	0.4034	20	46.09	Ascomycota	5145.0	0
scf7180000032541	14719	0.4131	100	46.685	Ascomycota	13095.0	0
scf7180000032542	8028	0.4026	80	51.565	Ascomycota	5954.0	0
scf7180000032543	24922	0.4001	240	45.735	Ascomycota	7300.0	0
scf7180000032544	15288	0.3849	100	43.791	Ascomycota	11623.0	0
scf7180000032545	32342	0.3695	160	49.784	Ascomycota	22690.0	0
scf7180000032546	6604	0.3907	80	49.529	Ascomycota	6885.0	0
scf7180000032547	2271	0.3694	0	47.645	Ascomycota	4189.0	0
scf7180000032548	24380	0.3904	220	46.167	Ascomycota	10288.0	0
scf7180000032549	5077	0.3998	20	53.952	Ascomycota	4222.0	0
scf7180000032550	2105	0.3819	0	53.39	Ascomycota	3838.0	0
scf7180000032551	5040	0.3692	40	43.973	Ascomycota	4560.0	0
scf7180000032552	14470	0.3709	60	45.849	Ascomycota	15195.0	0
scf7180000032553	14865	0.3657	140	42.861	Ascomycota	12538.0	0
scf7180000032554	9371	0.3729	60	47.618	Ascomycota	6935.0	0
scf7180000032555	25984	0.3947	180	48.47	Ascomycota	19763.0	0
scf7180000032556	4396	0.3995	20	48.056	Ascomycota	4444.0	0
scf7180000032557	3479	0.4201	20	47.984	Ascomycota	4241.0	0
scf7180000032558	1790	0.4196	0	83.45	Ascomycota	3301.0	0
scf7180000032559	2467	0.3827	0	48.75	Ascomycota	4551.0	0
scf7180000032560	8952	0.3784	80	45.186	Ascomycota	5060.0	0
scf7180000032561	21073	0.3839	180	56.728	Ascomycota	9668.0	0
scf7180000032562	2005	0.4349	0	59.148	Ascomycota	3626.0	0
scf7180000032563	7165	0.374	40	56.869	Ascomycota	8798.0	0
scf7180000032564	6476	0.4094	20	57.627	Ascomycota	7821.0	0
scf7180000032565	11891	0.3509	100	44.593	Ascomycota	7576.0	0
scf7180000032566	15530	0.3796	60	48.666	Ascomycota	12482.0	0
scf7180000032567	6339	0.3642	60	46.891	Ascomycota	4313.0	0
scf7180000032568	2386	0.4153	0	47.902	Ascomycota	4403.0	0
scf7180000032569	14301	0.3854	40	50.865	Ascomycota	18925.0	0
scf7180000032570	7503	0.3671	40	41.82	Ascomycota	8704.0	0
scf7180000032571	2700	0.3993	0	39.846	Ascomycota	4981.0	0
scf7180000032572	7447	0.3472	60	37.647	Ascomycota	7795.0	0
scf7180000032573	12004	0.3822	60	46.661	Ascomycota	19180.0	0
scf7180000032574	22198	0.3804	180	50.552	Ascomycota	19426.0	0
scf7180000032575	5299	0.42	40	42.153	Ascomycota	4257.0	0
scf7180000032576	7461	0.3989	40	48.326	Ascomycota	5958.0	0
scf7180000032577	31089	0.3879	160	47.407	Ascomycota	23350.0	0
scf7180000032578	2734	0.3581	0	36.184	Ascomycota	5044.0	0
scf7180000032579	6271	0.377	40	46.432	Ascomycota	6119.0	0
scf7180000032580	13847	0.3927	131	44.793	Ascomycota	7742.0	0
scf7180000032581	11939	0.3666	80	46.997	Ascomycota	15006.0	0
scf7180000032582	2405	0.3817	0	46.73	Ascomycota	4403.0	0
scf7180000032583	2278	0.356	0	45.464	Ascomycota	4157.0	0
scf7180000032584	15799	0.3685	160	45.195	Ascomycota	13858.0	0
scf7180000032585	5879	0.4098	20	46.618	Ascomycota	10689.0	0
scf7180000032586	7366	0.3983	40	48.258	Ascomycota	9116.0	0
scf7180000032587	9655	0.385	40	50.386	Ascomycota	7084.0	0
scf7180000032588	29297	0.3792	160	49.612	Ascomycota	12702.0	0
scf7180000032589	2120	0.4467	0	53.395	Ascomycota	3910.0	0
scf7180000032590	6446	0.4031	60	49.533	Ascomycota	11507.0	0
scf7180000032591	31573	0.3846	160	54.04	Ascomycota	25374.0	0
scf7180000032592	18920	0.3742	160	43.895	Ascomycota	9108.0	0
scf7180000032593	3261	0.3774	20	47.401	Ascomycota	4102.0	0
scf7180000032594	13993	0.3788	100	45.367	Ascomycota	11145.0	0
scf7180000032595	3437	0.3989	20	49.756	Ascomycota	3784.0	0
scf7180000032596	7400	0.3965	40	44.289	Ascomycota	5103.0	0
scf7180000032597	6036	0.3845	20	59.354	Ascomycota	5672.0	0
scf7180000032598	6684	0.4103	60	50.729	Ascomycota	4180.0	0
scf7180000032599	2014	0.4027	0	50.358	Ascomycota	3720.0	0
scf7180000032600	2097	0.4602	0	55.358	Ascomycota	3851.0	0
scf7180000032601	40380	0.3738	240	44.728	Ascomycota	20004.0	0
scf7180000032602	2144	0.4104	0	51.774	Ascomycota	3954.0	0
scf7180000032603	17990	0.3815	80	44.224	Ascomycota	12460.0	0
scf7180000032604	4019	0.3783	20	43.894	Ascomycota	3786.0	0
scf7180000032605	16373	0.4143	140	50.154	Ascomycota	10517.0	0
scf7180000032606	9727	0.3749	40	48.622	Ascomycota	15211.0	0
scf7180000032607	12859	0.3856	80	53.147	Ascomycota	14717.0	0
scf7180000032608	2285	0.3737	0	46.061	Ascomycota	4204.0	0
scf7180000032609	1228	0.4015	0	38.887	Ascomycota	2263.0	0
scf7180000032610	2080	0.4471	0	54.57	Ascomycota	3803.0	0
scf7180000032611	16691	0.3828	120	48.532	Ascomycota	9867.0	0
scf7180000032612	28835	0.3825	140	46.362	Ascomycota	17123.0	0
scf7180000032613	17608	0.3734	140	46.517	Ascomycota	7382.0	0
scf7180000032614	3157	0.4268	20	51.329	Ascomycota	3542.0	0
scf7180000032615	11709	0.3823	120	46.41	Ascomycota	9899.0	0
scf7180000032616	3979	0.3761	20	44.327	Ascomycota	7012.0	0
scf7180000032617	19724	0.3893	140	48.434	Ascomycota	7559.0	0
scf7180000032618	5896	0.3745	40	56.345	Ascomycota	4154.0	0
scf7180000032619	1261	0.414	0	60.278	Ascomycota	2329.0	0
scf7180000032620	29346	0.3953	340	48.986	Ascomycota	6011.0	0
scf7180000032621	9840	0.3819	60	47.202	Ascomycota	8104.0	0
scf7180000032622	10465	0.3902	40	46.984	Ascomycota	15688.0	0
scf7180000032623	9176	0.3823	40	44.936	Ascomycota	10037.0	0
scf7180000032624	7080	0.386	60	50.704	Ascomycota	5502.0	0
scf7180000032625	6002	0.3945	40	47.628	Ascomycota	6697.0	0
scf7180000032626	1795	0.4017	0	58.548	Ascomycota	3315.0	0
scf7180000032627	3840	0.3846	20	40.533	Ascomycota	6948.0	0
scf7180000032628	13456	0.4029	160	44.954	Ascomycota	4951.0	0
scf7180000032629	3796	0.3705	20	44.23	Ascomycota	4272.0	0
scf7180000032630	8356	0.4059	60	49.228	Ascomycota	4671.0	0
scf7180000032631	4622	0.3728	40	45.018	Ascomycota	5644.0	0
scf7180000032632	6188	0.3761	80	41.998	Ascomycota	8689.0	0
scf7180000032633	29371	0.3762	200	46.436	Ascomycota	22737.0	0
scf7180000032634	1578	0.3752	0	46.022	Ascomycota	2891.0	0
scf7180000032635	12944	0.3616	100	42.962	Ascomycota	8013.0	0
scf7180000032636	18028	0.3771	140	51.519	Ascomycota	14702.0	0
scf7180000032637	1997	0.3796	0	49.253	Ascomycota	3677.0	0
scf7180000032638	22098	0.3918	180	48.591	Ascomycota	18161.0	0
scf7180000032639	46639	0.3767	240	46.301	Ascomycota	29032.0	0
scf7180000032640	8078	0.3638	80	47.87	Ascomycota	6263.0	0
scf7180000032641	4827	0.419	20	49.133	Ascomycota	4375.0	0
scf7180000032642	1907	0.4431	0	52.27	Ascomycota	3517.0	0
scf7180000032643	10942	0.3616	60	45.246	Ascomycota	11101.0	0
scf7180000032644	1866	0.4057	0	52.2	Ascomycota	3446.0	0
scf7180000032645	18378	0.3842	80	51.558	Ascomycota	22046.0	0
scf7180000032646	6150	0.374	40	51.885	Ascomycota	5217.0	0
scf7180000032647	20424	0.378	120	45.903	Ascomycota	19437.0	0
scf7180000032648	4141	0.4161	60	48.889	Ascomycota	3378.0	0
scf7180000032649	24012	0.3871	200	51.915	Ascomycota	14846.0	0
scf7180000032650	2434	0.4014	0	37.938	Ascomycota	4457.0	0
scf7180000032651	11690	0.3741	60	45.942	Ascomycota	10822.0	0
scf7180000032652	1900	0.4184	0	49.803	Ascomycota	3493.0	0
scf7180000032653	22641	0.3879	140	45.774	Ascomycota	14999.0	0
scf7180000032654	5325	0.4097	60	52.509	Ascomycota	5511.0	0
scf7180000032655	1832	0.4154	0	49.028	Ascomycota	3373.0	0
scf7180000032656	11660	0.3702	160	39.897	Ascomycota	5613.0	0
scf7180000032657	17041	0.3811	160	47.764	Ascomycota	9502.0	0
scf7180000032658	3087	0.4112	20	45.197	Ascomycota	3574.0	0
scf7180000032659	15880	0.3721	60	46.073	Ascomycota	21492.0	0
scf7180000032660	8077	0.3621	80	45.469	Ascomycota	5965.0	0
scf7180000032661	4208	0.3988	40	47.071	Ascomycota	4621.0	0
scf7180000032662	4897	0.439	40	50.055	Ascomycota	5541.0	0
scf7180000032663	13705	0.3904	80	47.021	Ascomycota	20772.0	0
scf7180000032664	2087	0.3421	0	41.622	Ascomycota	3832.0	0
scf7180000032665	38637	0.3736	340	46.551	Ascomycota	14781.0	0
scf7180000032666	2016	0.377	0	50.085	Ascomycota	3712.0	0
scf7180000032667	6793	0.3728	60	44.543	Ascomycota	3736.0	0
scf7180000032668	28163	0.3832	120	45.881	Ascomycota	17494.0	0
scf7180000032669	3340	0.3819	20	47.225	Ascomycota	3565.0	0
scf7180000032670	2198	0.3617	0	41.228	Ascomycota	3976.0	0
scf7180000032671	2289	0.3604	0	44.198	Ascomycota	4228.0	0
scf7180000032672	15517	0.3769	60	60.029	Ascomycota	13884.0	0
scf7180000032673	4416	0.4452	40	36.402	Ascomycota	3930.0	0
scf7180000032674	17591	0.3845	100	45.578	Ascomycota	8445.0	0
scf7180000032675	6007	0.3915	40	47.739	Ascomycota	4787.0	0
scf7180000032676	7833	0.3881	20	49.942	Ascomycota	10920.0	0
scf7180000032677	22709	0.4024	140	43.608	Ascomycota	21390.0	0
scf7180000032678	2297	0.3883	0	35.072	Ascomycota	4237.0	0
scf7180000032679	19838	0.3713	160	47.916	Ascomycota	14859.0	0
scf7180000032680	2068	0.3835	0	42.34	Ascomycota	3773.0	0
scf7180000032681	7629	0.3845	40	43.308	Ascomycota	6748.0	0
scf7180000032682	17084	0.3765	160	48.972	Ascomycota	12443.0	0
scf7180000032683	7041	0.37	60	45.222	Ascomycota	7895.0	0
scf7180000032684	6275	0.3703	40	44.359	Ascomycota	11330.0	0
scf7180000032685	8178	0.3707	40	52.905	Ascomycota	14746.0	0
scf7180000032686	15428	0.3781	120	49.378	Ascomycota	7520.0	0
scf7180000032687	1597	0.4615	0	61.088	Ascomycota	2950.0	0
scf7180000032688	4437	0.3785	20	41.954	Ascomycota	4285.0	0
scf7180000032689	23731	0.3923	140	46.476	Ascomycota	20347.0	0
scf7180000032690	7121	0.4152	60	50.533	Ascomycota	3627.0	0
scf7180000032691	8187	0.3963	60	59.185	Ascomycota	8287.0	0
scf7180000032692	11636	0.4104	80	48.535	Ascomycota	9609.0	0
scf7180000032693	4282	0.385	20	41.256	Ascomycota	4207.0	0
scf7180000032694	39883	0.4192	260	53.147	Ascomycota	28524.0	0
scf7180000032695	3982	0.4335	40	46.949	Ascomycota	4750.0	0
scf7180000032696	2553	0.4019	20	59.0	Ascomycota	2593.0	0
scf7180000032697	31361	0.3732	260	43.777	Ascomycota	18652.0	0
scf7180000032698	1982	0.389	0	40.755	Ascomycota	3655.0	0
scf7180000032699	29390	0.3811	260	48.578	Ascomycota	11640.0	0
scf7180000032700	6275	0.3968	40	46.165	Ascomycota	7723.0	0
scf7180000032701	1898	0.3809	0	41.665	Ascomycota	3494.0	0
scf7180000032702	3199	0.3922	40	47.356	Ascomycota	3319.0	0
scf7180000032703	8587	0.3623	40	42.729	Ascomycota	11625.0	0
scf7180000032704	3143	0.4041	20	49.962	Ascomycota	3315.0	0
scf7180000032705	3991	0.3551	40	51.961	Ascomycota	2913.0	0
scf7180000032706	34171	0.3871	1387	50.567	Ascomycota	25100.0	0
scf7180000032707	7885	0.3723	20	46.748	Ascomycota	14379.0	0
scf7180000032708	6159	0.372	60	43.891	Ascomycota	3578.0	0
scf7180000032709	11201	0.3897	80	48.925	Ascomycota	10890.0	0
scf7180000032710	3074	0.4221	20	48.974	Ascomycota	3561.0	0
scf7180000032711	14201	0.388	40	50.522	Ascomycota	20225.0	0
scf7180000032712	4960	0.4179	40	47.754	Ascomycota	3275.0	0
scf7180000032713	1929	0.3805	0	43.246	Ascomycota	3511.0	0
scf7180000032714	2959	0.4032	40	56.392	Ascomycota	2935.0	0
scf7180000032715	16939	0.3768	140	47.919	Ascomycota	6270.0	0
scf7180000032716	13857	0.386	40	47.604	Ascomycota	19067.0	0
scf7180000032717	4791	0.3641	40	50.548	Ascomycota	5153.0	0
scf7180000032718	33077	0.3814	260	46.75	Ascomycota	20127.0	0
scf7180000032719	2879	0.3638	20	46.751	Ascomycota	3181.0	0
scf7180000032720	23126	0.3911	180	46.007	Ascomycota	13354.0	0
scf7180000032721	6583	0.4012	40	47.472	Ascomycota	3851.0	0
scf7180000032722	1698	0.4346	0	51.161	Ascomycota	3120.0	0
scf7180000032723	7608	0.4201	40	54.232	Ascomycota	7179.0	0
scf7180000032724	10804	0.362	60	48.63	Ascomycota	8530.0	0
scf7180000032725	13073	0.3767	60	50.495	Ascomycota	11001.0	0
scf7180000032726	5897	0.3927	60	42.112	Ascomycota	6770.0	0
scf7180000032727	2280	0.3693	0	35.824	Ascomycota	4170.0	0
scf7180000032728	1900	0.3837	0	42.628	Ascomycota	3493.0	0
scf7180000032729	7435	0.4046	100	47.69	Ascomycota	6194.0	0
scf7180000032730	4135	0.3478	20	46.061	Ascomycota	3873.0	0
scf7180000032731	12633	0.3827	60	50.716	Ascomycota	9350.0	0
scf7180000032732	10326	0.3833	100	54.246	Ascomycota	8519.0	0
scf7180000032733	21855	0.3779	220	46.535	Ascomycota	11021.0	0
scf7180000032734	15994	0.3881	140	47.861	Ascomycota	8442.0	0
scf7180000032735	3019	0.3941	20	53.536	Ascomycota	2887.0	0
scf7180000032736	11374	0.3595	20	44.487	Ascomycota	16809.0	0
scf7180000032737	2870	0.4004	20	49.414	Ascomycota	3251.0	0
scf7180000032738	6791	0.3949	60	51.601	Ascomycota	5103.0	0
scf7180000032739	6545	0.386	60	48.956	Ascomycota	8973.0	0
scf7180000032740	1600	0.4063	0	47.343	Ascomycota	2950.0	0
scf7180000032741	10605	0.3969	60	53.501	Ascomycota	10266.0	0
scf7180000032742	4476	0.3751	40	42.629	Ascomycota	4571.0	0
scf7180000032743	9839	0.4089	80	46.923	Ascomycota	9790.0	0
scf7180000032744	8855	0.3752	60	47.017	Ascomycota	11055.0	0
scf7180000032745	4376	0.3835	40	45.148	Ascomycota	3127.0	0
scf7180000032746	15334	0.3937	120	52.697	Ascomycota	9625.0	0
scf7180000032747	1877	0.3958	0	46.722	Ascomycota	3421.0	0
scf7180000032748	7724	0.3741	100	47.505	Ascomycota	3461.0	0
scf7180000032749	7755	0.4378	20	58.244	Ascomycota	13969.0	0
scf7180000032750	1838	0.377	0	42.618	Ascomycota	3367.0	0
scf7180000032751	9341	0.4187	80	52.564	Ascomycota	5457.0	0
scf7180000032752	19190	0.3682	100	48.086	Ascomycota	15269.0	0
scf7180000032753	6302	0.427	80	49.898	Ascomycota	4602.0	0
scf7180000032754	6728	0.4022	20	52.102	Ascomycota	9119.0	0
scf7180000032755	8405	0.3776	20	43.11	Ascomycota	15291.0	0
scf7180000032756	3295	0.4085	20	64.933	Ascomycota	3033.0	0
scf7180000032757	6427	0.3752	60	42.808	Ascomycota	6266.0	0
scf7180000032758	1487	0.3705	0	51.568	Ascomycota	2741.0	0
scf7180000032759	23420	0.3914	160	46.95	Ascomycota	20005.0	0
scf7180000032760	1427	0.4022	0	54.139	Ascomycota	2630.0	0
scf7180000032761	5999	0.3777	40	57.817	Ascomycota	3657.0	0
scf7180000032762	9710	0.3892	80	50.656	Ascomycota	9090.0	0
scf7180000032763	12684	0.3706	40	42.486	Ascomycota	10792.0	0
scf7180000032764	9938	0.3802	80	42.494	Ascomycota	11803.0	0
scf7180000032765	7037	0.4116	20	51.919	Ascomycota	9919.0	0
scf7180000032766	26178	0.3946	200	49.145	Ascomycota	15296.0	0
scf7180000032767	11135	0.3989	60	48.187	Ascomycota	15095.0	0
scf7180000032768	37496	0.382	220	46.249	Ascomycota	18275.0	0
scf7180000032769	1716	0.4522	0	42.945	Ascomycota	3142.0	0
scf7180000032770	1597	0.4389	0	49.03	Ascomycota	2950.0	0
scf7180000032771	3588	0.3819	40	42.488	Ascomycota	3600.0	0
scf7180000032772	6696	0.3675	40	45.886	Ascomycota	8497.0	0
scf7180000032773	1864	0.4474	0	38.926	Ascomycota	3437.0	0
scf7180000032774	8327	0.3538	40	43.838	Ascomycota	8100.0	0
scf7180000032775	6403	0.4107	40	48.678	Ascomycota	8896.0	0
scf7180000032776	4282	0.3707	60	43.548	Ascomycota	4399.0	0
scf7180000032777	3435	0.381	20	41.635	Ascomycota	6220.0	0
scf7180000032778	3277	0.3534	20	38.72	Ascomycota	3350.0	0
scf7180000032779	2045	0.3873	0	29.679	Ascomycota	3749.0	0
scf7180000032780	1570	0.3892	0	44.351	Ascomycota	2883.0	0
scf7180000032781	13151	0.3805	80	45.172	Ascomycota	13682.0	0
scf7180000032782	22540	0.3693	100	44.552	Ascomycota	18722.0	0
scf7180000032783	5398	0.3759	40	40.486	Ascomycota	5005.0	0
scf7180000032784	6792	0.4081	80	46.696	Ascomycota	3692.0	0
scf7180000032785	1273	0.3676	0	65.083	Ascomycota	2346.0	0
scf7180000032786	1243	0.4159	0	64.951	Ascomycota	2263.0	0
scf7180000032787	25612	0.3929	220	48.68	Ascomycota	8248.0	0
scf7180000032788	3521	0.3713	20	35.876	Ascomycota	3712.0	0
scf7180000032789	15623	0.3629	100	46.261	Ascomycota	16949.0	0
scf7180000032790	4523	0.3722	20	48.346	Ascomycota	5249.0	0
scf7180000032791	2460	0.3955	0	25.163	Ascomycota	4505.0	0
scf7180000032792	3135	0.3746	20	40.486	Ascomycota	3147.0	0
scf7180000032793	1547	0.3814	0	46.454	Ascomycota	2852.0	0
scf7180000032794	1539	0.358	0	45.376	Ascomycota	2843.0	0
scf7180000032795	1477	0.3446	0	49.846	Ascomycota	2723.0	0
scf7180000032796	1402	0.3766	0	51.424	Ascomycota	2584.0	0
scf7180000032797	3673	0.3931	40	41.021	Ascomycota	3470.0	0
scf7180000032798	17624	0.3832	80	45.806	Ascomycota	15647.0	0
scf7180000032799	4457	0.4324	40	55.67	Ascomycota	8006.0	0
scf7180000032800	1720	0.3913	0	40.172	Ascomycota	3158.0	0
scf7180000032801	18987	0.3976	140	49.805	Ascomycota	11684.0	0
scf7180000032802	14076	0.3951	120	47.556	Ascomycota	10597.0	0
scf7180000032803	1455	0.3863	0	49.718	Ascomycota	2671.0	0
scf7180000032804	17745	0.3745	160	49.363	Ascomycota	11736.0	0
scf7180000032805	1377	0.4365	0	56.736	Ascomycota	2525.0	0
scf7180000032806	1464	0.3934	0	52.373	Ascomycota	2704.0	0
scf7180000032807	1640	0.3774	0	47.374	Ascomycota	3001.0	0
scf7180000032808	24598	0.3888	140	52.777	Ascomycota	17909.0	0
scf7180000032809	7151	0.3634	60	44.148	Ascomycota	9249.0	0
scf7180000032810	1723	0.3964	0	42.982	Ascomycota	3177.0	0
scf7180000032811	1487	0.3974	0	49.818	Ascomycota	2741.0	0
scf7180000032812	7139	0.392	20	45.299	Ascomycota	13036.0	0
scf7180000032813	1523	0.3605	0	49.372	Ascomycota	2813.0	0
scf7180000032814	1463	0.3923	0	46.761	Ascomycota	2697.0	0
scf7180000032815	1787	0.3828	0	38.956	Ascomycota	3284.0	0
scf7180000032816	4242	0.3765	40	44.019	Ascomycota	3157.0	0
scf7180000032817	18098	0.3836	100	46.49	Ascomycota	18175.0	0
scf7180000032818	1182	0.3985	0	60.97	Ascomycota	2178.0	0
scf7180000032819	36384	0.3846	320	44.533	Ascomycota	17680.0	0
scf7180000032820	10629	0.3992	40	52.253	Ascomycota	11862.0	0
scf7180000032821	13627	0.3823	40	45.23	Ascomycota	24921.0	0
scf7180000032822	4241	0.3759	40	44.964	Ascomycota	3349.0	0
scf7180000032823	1509	0.393	0	48.792	Ascomycota	2758.0	0
scf7180000032824	7425	0.3813	40	52.819	Ascomycota	7515.0	0
scf7180000032825	31573	0.4013	260	49.571	Ascomycota	11671.0	0
scf7180000032826	12464	0.3817	60	46.126	Ascomycota	11129.0	0
scf7180000032827	4097	0.4077	40	44.43	Ascomycota	2593.0	0
scf7180000032828	7699	0.4224	40	47.981	Ascomycota	8037.0	0
scf7180000032829	1538	0.3557	0	37.795	Ascomycota	2813.0	0
scf7180000032830	1813	0.3789	0	43.272	Ascomycota	3343.0	0
scf7180000032831	1585	0.3293	0	43.847	Ascomycota	2928.0	0
scf7180000032832	1329	0.3454	0	43.327	Ascomycota	2442.0	0
scf7180000032833	9077	0.3722	100	40.268	Ascomycota	3725.0	0
scf7180000032834	6660	0.369	40	45.9	Ascomycota	12052.0	0
scf7180000032835	14205	0.3855	120	49.317	Ascomycota	9106.0	0
scf7180000032836	15116	0.3917	60	45.66	Ascomycota	11697.0	0
scf7180000032837	7171	0.4068	40	49.483	Ascomycota	6641.0	0
scf7180000032838	6742	0.4324	60	46.334	Ascomycota	5271.0	0
scf7180000032839	5800	0.4156	40	46.674	Ascomycota	5120.0	0
scf7180000032840	1425	0.4112	0	42.159	Ascomycota	2632.0	0
scf7180000032841	1615	0.3548	0	42.771	Ascomycota	2972.0	0
scf7180000032842	7218	0.3801	40	46.991	Ascomycota	7011.0	0
scf7180000032843	9149	0.3591	60	146.721	Ascomycota	10163.0	0
scf7180000032844	1280	0.3953	0	53.388	Ascomycota	2364.0	0
scf7180000032845	9459	0.371	60	46.946	Ascomycota	12349.0	0
scf7180000032846	1434	0.3975	0	44.863	Ascomycota	2627.0	0
scf7180000032847	34252	0.3916	260	47.832	Ascomycota	21259.0	0
scf7180000032848	1444	0.3788	0	46.202	Ascomycota	2667.0	0
scf7180000032849	1348	0.3858	0	51.741	Ascomycota	2473.0	0
scf7180000032850	1213	0.4007	0	61.353	Ascomycota	2241.0	0
scf7180000032851	1515	0.3762	0	49.638	Ascomycota	2798.0	0
scf7180000032852	8642	0.3991	100	46.989	Ascomycota	6889.0	0
scf7180000032853	21687	0.3733	200	47.262	Ascomycota	8442.0	0
scf7180000032854	5667	0.3644	20	43.201	Ascomycota	7319.0	0
scf7180000032855	16413	0.3745	40	44.48	Ascomycota	25941.0	0
scf7180000032856	1657	0.4828	0	50.351	Ascomycota	3055.0	0
scf7180000032857	1364	0.4062	0	50.592	Ascomycota	2508.0	0
scf7180000032858	1377	0.398	0	49.723	Ascomycota	2543.0	0
scf7180000032859	3711	0.3963	40	39.901	Ascomycota	4217.0	0
scf7180000032860	1664	0.3636	0	44.452	Ascomycota	3073.0	0
scf7180000032861	6333	0.3917	60	45.027	Ascomycota	8120.0	0
scf7180000032862	10007	0.3704	100	41.429	Ascomycota	5391.0	0
scf7180000032863	10850	0.3789	40	51.091	Ascomycota	19762.0	0
scf7180000032864	1319	0.4026	0	54.745	Ascomycota	2436.0	0
scf7180000032865	18464	0.3712	60	47.838	Ascomycota	16608.0	0
scf7180000032866	1360	0.3956	0	51.128	Ascomycota	2507.0	0
scf7180000032867	1531	0.3978	0	44.213	Ascomycota	2795.0	0
scf7180000032868	8027	0.3731	40	46.456	Ascomycota	8702.0	0
scf7180000032869	1366	0.4231	0	49.385	Ascomycota	2462.0	0
scf7180000032870	7339	0.3951	40	119.209	Ascomycota	8728.0	0
scf7180000032871	6345	0.4117	20	53.628	Ascomycota	9016.0	0
scf7180000032872	12501	0.4022	80	51.41	Ascomycota	6975.0	0
scf7180000032873	17942	0.4041	200	48.619	Ascomycota	13110.0	0
scf7180000032874	3687	0.3948	60	35.925	Ascomycota	3061.0	0
scf7180000032875	6838	0.3759	80	42.154	Ascomycota	5851.0	0
scf7180000032876	4171	0.3989	60	43.215	Ascomycota	2889.0	0
scf7180000032877	8855	0.3702	40	47.171	Ascomycota	13664.0	0
scf7180000032878	50237	0.3835	440	49.117	Ascomycota	20812.0	0
scf7180000032879	10808	0.3863	40	49.158	Ascomycota	10944.0	0
scf7180000032880	5908	0.3875	40	43.338	Ascomycota	5967.0	0
scf7180000032881	7415	0.3792	60	47.885	Ascomycota	5552.0	0
scf7180000032882	1284	0.3653	0	50.636	Ascomycota	2372.0	0
scf7180000032883	16180	0.3708	40	48.441	Ascomycota	17400.0	0
scf7180000032884	1227	0.4165	0	50.326	Ascomycota	2255.0	0
scf7180000032885	1132	0.3675	0	55.41	Ascomycota	2080.0	0
scf7180000032886	2565	0.3807	20	43.083	Ascomycota	2813.0	0
scf7180000032887	33805	0.3873	260	47.988	Ascomycota	15324.0	0
scf7180000032888	17861	0.3826	100	44.643	Ascomycota	12292.0	0
scf7180000032889	10068	0.3886	120	47.042	Ascomycota	12824.0	0
scf7180000032890	22603	0.3915	100	48.104	Ascomycota	16800.0	0
scf7180000032891	1135	0.3974	0	57.046	Ascomycota	2091.0	0
scf7180000032892	1355	0.397	0	45.792	Ascomycota	2492.0	0
scf7180000032893	1425	0.4098	0	40.263	Ascomycota	2615.0	0
scf7180000032894	1084	0.3939	0	60.34	Ascomycota	1986.0	0
scf7180000032895	5304	0.3646	40	44.612	Ascomycota	5373.0	0
scf7180000032896	43345	0.3865	340	51.094	Ascomycota	19444.0	0
scf7180000032897	20042	0.3841	80	45.998	Ascomycota	28511.0	0
scf7180000032898	1081	0.371	0	52.473	Ascomycota	1997.0	0
scf7180000032899	6954	0.3747	40	48.988	Ascomycota	6516.0	0
scf7180000032900	1254	0.4019	0	52.215	Ascomycota	2316.0	0
scf7180000032901	23182	0.3747	160	50.386	Ascomycota	11566.0	0
scf7180000032902	10136	0.3724	100	43.25	Ascomycota	8853.0	0
scf7180000032903	2399	0.3955	20	48.525	Ascomycota	2383.0	0
scf7180000032904	1307	0.3673	0	52.387	Ascomycota	2399.0	0
scf7180000032905	7072	0.3678	80	42.612	Ascomycota	10174.0	0
scf7180000032906	10481	0.3551	60	47.349	Ascomycota	8972.0	0
scf7180000032907	5079	0.3808	40	48.492	Ascomycota	4501.0	0
scf7180000032908	8104	0.3788	60	50.75	Ascomycota	14480.0	0
scf7180000032909	9262	0.3694	40	48.41	Ascomycota	9516.0	0
scf7180000032910	1060	0.4368	0	60.222	Ascomycota	1943.0	0
scf7180000032911	1431	0.3892	0	34.73	Ascomycota	2638.0	0
scf7180000032912	1357	0.3803	0	40.84	Ascomycota	2499.0	0
scf7180000032913	27877	0.3727	240	48.147	Ascomycota	18947.0	0
scf7180000032914	3506	0.3801	20	42.067	Ascomycota	3954.0	0
scf7180000032915	1151	0.3805	0	44.868	Ascomycota	2126.0	0
scf7180000032916	31999	0.3769	160	46.282	Ascomycota	16473.0	0
scf7180000032917	13734	0.3978	120	44.459	Ascomycota	6700.0	0
scf7180000032918	6284	0.4398	20	52.001	Ascomycota	8770.0	0
scf7180000032919	4543	0.3763	20	46.878	Ascomycota	6257.0	0
scf7180000032920	17008	0.3687	120	49.011	Ascomycota	15710.0	0
scf7180000032921	11646	0.3867	160	45.371	Ascomycota	6239.0	0
scf7180000032922	4267	0.3859	20	46.665	Ascomycota	7751.0	0
scf7180000032923	5848	0.3782	60	52.603	Ascomycota	4806.0	0
scf7180000032924	7631	0.3776	40	50.585	Ascomycota	10497.0	0
scf7180000032925	7429	0.4022	60	48.238	Ascomycota	9262.0	0
scf7180000032926	11675	0.3792	40	48.049	Ascomycota	17945.0	0
scf7180000032927	1213	0.418	0	49.664	Ascomycota	2224.0	0
scf7180000032928	3451	0.3859	20	38.307	Ascomycota	3849.0	0
scf7180000032929	14074	0.3704	40	42.226	Ascomycota	20397.0	0
scf7180000032930	28697	0.3712	160	45.496	Ascomycota	21797.0	0
scf7180000032931	7523	0.3992	20	53.335	Ascomycota	11697.0	0
scf7180000032932	13984	0.3728	120	50.263	Ascomycota	11540.0	0
scf7180000032933	10348	0.4011	60	47.6	Ascomycota	18596.0	0
scf7180000032934	1224	0.3971	0	40.956	Ascomycota	2255.0	0
scf7180000032935	15330	0.3579	140	45.71	Ascomycota	5897.0	0
scf7180000032936	11643	0.3771	80	43.153	Ascomycota	9998.0	0
scf7180000032937	1058	0.3875	0	55.766	Ascomycota	1949.0	0
scf7180000032938	8799	0.3802	40	48.904	Ascomycota	8468.0	0
scf7180000032939	37414	0.3831	320	48.196	Ascomycota	11923.0	0
scf7180000032940	8350	0.3744	60	46.239	Ascomycota	11825.0	0
scf7180000032941	22200	0.3859	100	75.73	Ascomycota	16816.0	0
scf7180000032942	20812	0.3711	120	49.812	Ascomycota	25891.0	0
scf7180000032943	1280	0.3359	0	37.96	Ascomycota	2353.0	0
scf7180000032944	1031	0.387	0	42.838	Ascomycota	1882.0	0
scf7180000032945	8568	0.3875	40	43.996	Ascomycota	11361.0	0
scf7180000032946	1151	0.344	0	102.485	Ascomycota	2121.0	0
scf7180000032947	1111	0.3744	0	41.944	Ascomycota	2052.0	0
scf7180000032948	1062	0.3861	0	42.682	Ascomycota	1956.0	0
scf7180000032949	17783	0.3806	140	45.892	Ascomycota	14417.0	0
scf7180000032950	1066	0.4315	0	45.127	Ascomycota	1958.0	0
scf7180000032951	4764	0.3691	20	42.715	Ascomycota	6248.0	0
scf7180000032952	12800	0.3804	60	47.684	Ascomycota	12761.0	0
scf7180000032953	37782	0.3983	260	49.879	Ascomycota	20281.0	0
scf7180000032954	1075	0.374	0	46.753	Ascomycota	1986.0	0
scf7180000032955	20402	0.3882	220	45.128	Ascomycota	8761.0	0
scf7180000032956	17421	0.3815	120	56.342	Ascomycota	8811.0	0
scf7180000032957	1106	0.4494	0	41.226	Ascomycota	2032.0	0
scf7180000032958	4307	0.374	40	56.496	Ascomycota	5637.0	0
scf7180000032959	13263	0.3762	80	42.803	Ascomycota	12578.0	0
scf7180000032960	1163	0.3801	0	36.534	Ascomycota	2143.0	0
scf7180000032961	1059	0.3598	0	43.041	Ascomycota	1945.0	0
scf7180000032962	12202	0.3965	60	52.023	Ascomycota	12486.0	0
scf7180000032963	1261	0.3989	0	31.567	Ascomycota	2329.0	0
scf7180000032964	18195	0.3895	120	51.713	Ascomycota	14366.0	0
scf7180000032965	3983	0.3815	20	45.31	Ascomycota	5252.0	0
scf7180000032966	10977	0.3752	60	48.676	Ascomycota	9941.0	0
scf7180000032967	13261	0.4124	60	45.3	Ascomycota	16196.0	0
scf7180000032968	29880	0.3827	200	52.251	Ascomycota	14857.0	0
scf7180000032969	15351	0.3782	120	43.723	Ascomycota	12706.0	0
scf7180000032970	27101	0.3737	60	46.144	Ascomycota	36983.0	0
scf7180000032971	1482	0.4278	0	27.144	Ascomycota	2726.0	0
scf7180000032972	1103	0.4216	0	39.907	Ascomycota	2037.0	0
scf7180000032973	3043	0.4148	20	38.23	Ascomycota	5504.0	0
scf7180000032974	1157	0.4823	0	49.374	Ascomycota	2117.0	0
scf7180000032975	1108	0.3646	0	37.975	Ascomycota	2047.0	0
scf7180000032976	3547	0.3641	40	40.898	Ascomycota	4497.0	0
scf7180000032977	11123	0.3859	69	45.038	Ascomycota	11420.0	0
scf7180000032978	1071	0.3856	0	37.816	Ascomycota	1978.0	0
scf7180000032979	17610	0.3703	80	47.238	Ascomycota	14958.0	0
scf7180000032980	21515	0.3937	80	51.674	Ascomycota	28321.0	0
scf7180000032981	42460	0.3722	320	46.859	Ascomycota	15754.0	0
scf7180000032982	10682	0.3881	40	44.219	Ascomycota	12111.0	0
scf7180000032983	17776	0.395	40	48.917	Ascomycota	18888.0	0
scf7180000032984	1248	0.3726	0	25.746	Ascomycota	2289.0	0
scf7180000032985	1013	0.3346	0	25.524	Ascomycota	1860.0	0
scf7180000032986	1056	0.3419	0	21.502	Ascomycota	1951.0	0
scf7180000032987	1863	0.3822	0	138.47	Ascomycota	3397.0	0
scf7180000032988	3757	0.3708	0	53.796	Ascomycota	6885.0	0
scf7180000032989	18201	0.391	40	49.147	Ascomycota	24240.0	0
scf7180000032990	4342	0.4042	0	64.641	Ascomycota	7971.0	0
scf7180000032991	2939	0.3556	0	51.02	Ascomycota	5400.0	0
scf7180000032992	21448	0.388	240	48.77	Ascomycota	13686.0	0
scf7180000032993	1899	0.3607	0	56.677	Ascomycota	3491.0	0
scf7180000032994	3922	0.3731	20	49.107	Ascomycota	3373.0	0
scf7180000032995	1242	0.4155	0	50.922	Ascomycota	2294.0	0
scf7180000032996	10225	0.3787	20	64.665	Ascomycota	11282.0	0
scf7180000032997	43972	0.3938	240	50.236	Ascomycota	32908.0	0
scf7180000032998	11126	0.3765	20	48.676	Ascomycota	14438.0	0
scf7180000032999	6643	0.3823	20	49.38	Ascomycota	6349.0	0
scf7180000033000	14067	0.3877	0	50.559	Ascomycota	25830.0	0
scf7180000033001	5575	0.4045	0	52.51	Ascomycota	10142.0	0
scf7180000033002	7983	0.3692	20	49.362	Ascomycota	9016.0	0
scf7180000033003	2928	0.403	0	43.732	Ascomycota	5380.0	0
scf7180000033004	2767	0.3889	0	39.393	Ascomycota	5060.0	0
scf7180000033005	1776	0.4769	0	1514.751	Ascomycota	2808.0	0
scf7180000033006	5435	0.3882	0	62.357	Ascomycota	9960.0	0
scf7180000033007	6692	0.3621	40	54.211	Ascomycota	4630.0	0
scf7180000033008	13931	0.3862	60	46.623	Ascomycota	10924.0	0
scf7180000033009	14468	0.3906	140	48.947	Ascomycota	9273.0	0
scf7180000033010	10272	0.3985	80	49.462	Ascomycota	7589.0	0
scf7180000033011	25386	0.3846	140	54.9	Ascomycota	20618.0	0
scf7180000033012	15894	0.3955	60	49.472	Ascomycota	17470.0	0
scf7180000033013	19746	0.3861	120	53.346	Ascomycota	21200.0	0
scf7180000033014	2289	0.381	0	47.176	Ascomycota	4200.0	0
scf7180000033015	9322	0.3785	40	49.792	Ascomycota	6379.0	0
scf7180000033016	1825	0.3474	0	41.768	Ascomycota	3354.0	0
scf7180000033017	13863	0.3839	80	53.023	Ascomycota	10984.0	0
scf7180000033018	2097	0.3433	0	34.65	Ascomycota	3856.0	0
scf7180000033019	1102	0.3702	0	34.23	Ascomycota	2025.0	0
scf7180000033020	37244	0.3709	300	46.438	Ascomycota	18330.0	0
scf7180000033021	10287	0.3872	0	51.866	Ascomycota	18814.0	0
scf7180000033022	9511	0.3953	0	52.558	Ascomycota	17437.0	0
scf7180000033023	9649	0.3898	20	73.681	Ascomycota	9173.0	0
scf7180000033024	5261	0.3895	0	51.362	Ascomycota	9533.0	0
scf7180000033025	4312	0.3752	0	45.268	Ascomycota	7934.0	0
scf7180000033026	4573	0.4365	0	56.356	Ascomycota	8316.0	0
scf7180000033027	1981	0.3821	0	76.622	Ascomycota	3384.0	0
scf7180000033028	1664	0.3323	0	173.457	Ascomycota	1881.0	0
scf7180000033029	2771	0.3825	0	54.457	Ascomycota	4796.0	0
scf7180000033030	3617	0.3672	0	54.083	Ascomycota	6558.0	0
scf7180000033031	3318	0.3773	0	50.009	Ascomycota	6106.0	0
scf7180000033032	3287	0.4019	0	64.34	Ascomycota	5618.0	0
scf7180000033033	3935	0.3914	0	47.292	Ascomycota	7245.0	0
scf7180000033034	2294	0.4237	0	57.066	Ascomycota	4209.0	0
scf7180000033035	3469	0.3941	0	49.79	Ascomycota	6150.0	0
scf7180000033036	1531	0.3351	0	76.304	Ascomycota	2680.0	0
scf7180000033037	1541	0.4062	0	88.842	Ascomycota	2595.0	0
scf7180000033038	1870	0.3754	0	59.883	Ascomycota	3031.0	0
scf7180000033039	3547	0.4037	0	42.107	Ascomycota	6534.0	0
scf7180000033040	5703	0.3887	20	66.968	Ascomycota	5958.0	0
scf7180000033041	2702	0.362	0	45.749	Ascomycota	4935.0	0
scf7180000033042	20029	0.3756	60	44.451	Ascomycota	24083.0	0
scf7180000033043	2551	0.3763	0	58.978	Ascomycota	4695.0	0
scf7180000033044	3384	0.3992	0	38.415	Ascomycota	6122.0	0
scf7180000033045	1961	0.4452	0	61.577	Ascomycota	3605.0	0
scf7180000033046	1273	0.425	0	42.804	Ascomycota	2085.0	0
scf7180000033047	5168	0.3619	40	62.058	Ascomycota	5192.0	0
scf7180000033048	1678	0.4255	0	46.891	Ascomycota	3077.0	0
scf7180000033049	1721	0.387	0	46.457	Ascomycota	3090.0	0
scf7180000033050	1327	0.3881	0	44.002	Ascomycota	2446.0	0
scf7180000033051	29087	0.3707	20	53.865	Ascomycota	53251.0	0
scf7180000033052	35419	0.4	260	49.564	Ascomycota	19099.0	0
scf7180000033053	15026	0.3911	60	52.245	Ascomycota	13742.0	0
scf7180000033054	5727	0.3698	0	51.364	Ascomycota	10532.0	0
scf7180000033055	5397	0.3567	0	45.439	Ascomycota	9889.0	0
scf7180000033056	13118	0.3777	20	52.605	Ascomycota	16105.0	0
scf7180000033057	16604	0.4012	120	48.57	Ascomycota	9943.0	0
scf7180000033058	24004	0.4024	140	52.975	Ascomycota	14827.0	0
scf7180000033059	1470	0.3306	0	51.397	Ascomycota	2193.0	0
scf7180000033060	17109	0.3787	120	50.893	Ascomycota	10050.0	0
scf7180000033061	3163	0.3803	0	53.782	Ascomycota	5803.0	0
scf7180000033062	7842	0.4014	20	51.444	Ascomycota	9007.0	0
scf7180000033063	3100	0.3723	0	52.781	Ascomycota	5644.0	0
scf7180000033064	6806	0.3778	20	44.878	Ascomycota	12390.0	0
scf7180000033065	24554	0.3816	180	43.255	Ascomycota	10429.0	0
scf7180000033066	2236	0.4235	0	45.722	Ascomycota	4076.0	0
scf7180000033067	8583	0.3832	40	47.722	Ascomycota	9455.0	0
scf7180000033068	265	0.4226	0	52.06	Ascomycota	462.0	0
scf7180000033069	1964	0.3849	0	43.72	Ascomycota	3627.0	0
scf7180000033070	5911	0.3696	40	44.113	Ascomycota	5321.0	0
scf7180000033071	1342	0.3882	0	42.739	Ascomycota	2479.0	0
scf7180000033072	12115	0.4002	80	54.1	Ascomycota	8890.0	0
scf7180000033073	7576	0.3581	40	39.727	Ascomycota	9472.0	0
scf7180000033074	1801	0.3298	0	232.73	Ascomycota	3182.0	0
scf7180000033075	1903	0.3805	0	89.396	Ascomycota	3426.0	0
scf7180000033076	12491	0.3775	0	51.839	Ascomycota	22978.0	0
scf7180000033077	8267	0.3721	20	91.219	Ascomycota	9664.0	0
scf7180000033078	11682	0.3738	60	48.813	Ascomycota	10907.0	0
scf7180000033079	3530	0.3711	0	74.429	Ascomycota	5836.0	0
scf7180000033080	3018	0.3526	0	113.834	Ascomycota	5450.0	0
scf7180000033081	4405	0.3952	0	46.96	Ascomycota	8078.0	0
scf7180000033082	4854	0.3708	0	50.069	Ascomycota	8903.0	0
scf7180000033083	2456	0.3803	0	50.148	Ascomycota	4482.0	0
scf7180000033084	4534	0.3985	0	46.618	Ascomycota	8311.0	0
scf7180000033085	4516	0.4209	0	49.696	Ascomycota	8165.0	0
scf7180000033086	9955	0.357	60	40.85	Ascomycota	9001.0	0
scf7180000033087	2273	0.4109	0	51.935	Ascomycota	4148.0	0
scf7180000033088	1855	0.3752	0	75.491	Ascomycota	3362.0	0
scf7180000033089	1496	0.4345	0	37.14	Ascomycota	2710.0	0
scf7180000033090	2846	0.396	0	150.702	Ascomycota	4708.0	0
scf7180000033091	2295	0.3534	0	59.172	Ascomycota	4222.0	0
scf7180000033092	2595	0.3892	0	463.461	Ascomycota	4091.0	0
scf7180000033093	5408	0.3809	0	46.81	Ascomycota	9891.0	0
scf7180000033094	3359	0.3692	0	51.679	Ascomycota	6168.0	0
scf7180000033095	2702	0.4041	0	59.941	Ascomycota	4891.0	0
scf7180000033096	3412	0.3772	0	53.877	Ascomycota	5446.0	0
scf7180000033097	9459	0.3794	20	43.973	Ascomycota	17149.0	0
scf7180000033098	23289	0.3631	40	47.524	Ascomycota	42520.0	0
scf7180000033099	2807	0.3466	0	61.615	Ascomycota	5090.0	0
scf7180000033100	17705	0.3831	140	46.292	Ascomycota	15821.0	0
scf7180000033101	1734	0.3887	0	52.717	Ascomycota	3164.0	0
scf7180000033102	11455	0.3827	0	48.891	Ascomycota	21043.0	0
scf7180000033103	17197	0.3993	80	52.733	Ascomycota	15616.0	0
scf7180000033104	14225	0.3836	0	49.861	Ascomycota	26090.0	0
scf7180000033105	10065	0.3683	0	45.355	Ascomycota	18417.0	0
scf7180000033106	9316	0.3988	0	50.233	Ascomycota	17110.0	0
scf7180000033107	6695	0.3764	0	50.368	Ascomycota	12358.0	0
scf7180000033108	5345	0.3721	0	56.334	Ascomycota	9852.0	0
scf7180000033109	7174	0.3712	0	50.805	Ascomycota	13160.0	0
scf7180000033110	5868	0.3672	0	47.435	Ascomycota	10759.0	0
scf7180000033111	6549	0.3852	0	53.405	Ascomycota	12002.0	0
scf7180000033112	5116	0.4048	0	54.198	Ascomycota	9371.0	0
scf7180000033113	21070	0.3811	180	41.809	Ascomycota	10144.0	0
scf7180000033114	10792	0.3711	20	42.215	Ascomycota	10981.0	0
scf7180000033115	3708	0.3905	0	44.956	Ascomycota	6770.0	0
scf7180000033116	4414	0.3908	0	50.554	Ascomycota	8124.0	0
scf7180000033117	5016	0.3872	0	49.141	Ascomycota	9219.0	0
scf7180000033118	16445	0.3842	80	45.573	Ascomycota	19856.0	0
scf7180000033119	16423	0.3724	0	51.713	Ascomycota	30134.0	0
scf7180000033120	5649	0.3573	20	43.089	Ascomycota	6353.0	0
scf7180000033121	6708	0.3784	0	53.454	Ascomycota	12035.0	0
scf7180000033122	11334	0.3756	60	50.438	Ascomycota	7673.0	0
scf7180000033123	4956	0.389	0	45.564	Ascomycota	9055.0	0
scf7180000033124	16431	0.384	100	50.22	Ascomycota	10030.0	0
scf7180000033125	14528	0.378	20	47.164	Ascomycota	26535.0	0
scf7180000033126	26106	0.3853	80	47.28	Ascomycota	18860.0	0
scf7180000033127	3927	0.3934	0	45.57	Ascomycota	7204.0	0
scf7180000033128	8374	0.3702	40	48.655	Ascomycota	10966.0	0
scf7180000033129	23872	0.3872	80	50.859	Ascomycota	25089.0	0
scf7180000033130	4607	0.422	0	47.503	Ascomycota	8423.0	0
scf7180000033131	13964	0.387	40	44.857	Ascomycota	20090.0	0
scf7180000033132	5877	0.3781	0	43.077	Ascomycota	10787.0	0
scf7180000033133	2969	0.4086	0	60.327	Ascomycota	5448.0	0
scf7180000033134	33729	0.3765	200	44.063	Ascomycota	17536.0	0
scf7180000033135	3697	0.3784	0	40.158	Ascomycota	6793.0	0
scf7180000033136	15945	0.3721	80	46.902	Ascomycota	9064.0	0
scf7180000033137	3916	0.3613	0	48.766	Ascomycota	7215.0	0
scf7180000033138	6237	0.3745	0	41.75	Ascomycota	11374.0	0
scf7180000033139	3051	0.3936	0	52.374	Ascomycota	5590.0	0
scf7180000033140	2545	0.402	0	55.577	Ascomycota	4684.0	0
scf7180000033141	3020	0.3825	0	45.531	Ascomycota	5572.0	0
scf7180000033142	9333	0.3728	20	45.164	Ascomycota	9103.0	0
scf7180000033143	10080	0.4129	40	46.59	Ascomycota	18201.0	0
scf7180000033144	3341	0.3831	0	62.366	Ascomycota	6076.0	0
scf7180000033145	9721	0.3895	20	43.27	Ascomycota	14465.0	0
scf7180000033146	9411	0.3674	0	51.943	Ascomycota	17093.0	0
scf7180000033147	2804	0.3577	0	48.981	Ascomycota	5090.0	0
scf7180000033148	22838	0.3976	100	52.363	Ascomycota	16700.0	0
scf7180000033149	16075	0.3766	100	40.034	Ascomycota	11673.0	0
scf7180000033150	11939	0.3959	40	52.63	Ascomycota	10907.0	0
scf7180000033151	9844	0.3644	20	45.189	Ascomycota	17871.0	0
scf7180000033152	15595	0.3699	120	49.148	Ascomycota	10006.0	0
scf7180000033153	4715	0.4004	0	51.946	Ascomycota	8650.0	0
scf7180000033154	5865	0.3787	0	94.87	Ascomycota	10000.0	0
scf7180000033155	15799	0.3769	40	125.905	Ascomycota	17806.0	0
scf7180000033156	7161	0.3991	0	61.079	Ascomycota	11788.0	0
scf7180000033157	15989	0.3738	60	46.647	Ascomycota	13402.0	0
scf7180000033158	6757	0.3805	0	54.149	Ascomycota	7201.0	0
scf7180000033159	15592	0.3747	140	49.682	Ascomycota	5456.0	0
scf7180000033160	23949	0.3752	220	46.809	Ascomycota	18223.0	0
scf7180000033161	20657	0.3882	200	47.524	Ascomycota	12807.0	0
scf7180000033162	32437	0.387	240	50.206	Ascomycota	21427.0	0
scf7180000033163	11775	0.3867	80	46.484	Ascomycota	12190.0	0